  -0.0000000000000000e+00
  -0.0000000000000000e+00
  -0.0000000000000000e+00
  -0.0000000000000000e+00
  -0.0000000000000000e+00
  -0.0000000000000000e+00
  -0.0000000000000000e+00
  -0.0000000000000000e+00
  -0.0000000000000000e+00
  -3.0659195350629298e-01
  -6.7199552184021227e-01
  -9.6729686669617509e-01
  -1.1585722144589721e+00
  -1.2247448713915892e+00
  -1.1585722144589721e+00
  -9.6729686669617509e-01
  -6.7199552184021272e-01
  -3.0659195350629231e-01
   1.1496181855329879e+00
   2.1758775213664143e+00
   2.2978885213380287e+00
   1.4549675529849320e+00
  -2.9045049109052903e-16
  -1.4549675529849320e+00
  -2.2978885213380291e+00
  -2.1758775213664143e+00
  -1.1496181855329859e+00
  -2.5898512222687864e+00
  -3.8412390204721012e+00
  -1.9528809081746794e+00
   1.2590836702808468e+00
   2.8062430400804552e+00
   1.2590836702808470e+00
  -1.9528809081746816e+00
  -3.8412390204720968e+00
  -2.5898512222687833e+00
   4.5774334429189683e+00
   4.6042253177279839e+00
  -9.4139760064460853e-01
  -3.6828853084404525e+00
   9.7420056326493005e-16
   3.6828853084404525e+00
   9.4139760064460620e-01
  -4.6042253177279804e+00
  -4.5774334429189638e+00
  -6.9654994450197698e+00
  -3.5558922069035210e+00
   4.4964122405403648e+00
   9.9757442785440975e-01
  -4.3972647748344640e+00
   9.9757442785440897e-01
   4.4964122405403666e+00
  -3.5558922069035099e+00
  -6.9654994450197592e+00
   9.5269631019072083e+00
   4.6968261423687035e-01
  -5.2384039047951498e+00
   4.5379123662997207e+00
  -2.0489758820052694e-15
  -4.5379123662997207e+00
   5.2384039047951543e+00
  -4.6968261423685753e-01
  -9.5269631019072065e+00
  -1.1977213864840524e+01
   3.9305640702815730e+00
   1.3522624239883232e+00
  -4.7836439973233409e+00
   5.9907154727127558e+00
  -4.7836439973233391e+00
   1.3522624239883301e+00
   3.9305640702815823e+00
  -1.1977213864840515e+01
   1.4002153965865741e+01
  -8.1101731385855445e+00
   4.9539530632480897e+00
  -2.3921604596368176e+00
   3.5146403450178351e-15
   2.3921604596368184e+00
  -4.9539530632480879e+00
   8.1101731385855498e+00
  -1.4002153965865752e+01
   8.3845136234763074e-01
   7.2402417729890101e-01
   5.3119524267436846e-01
   2.8081170193177007e-01
  -5.3028761936245340e-17
  -2.8081170193177007e-01
  -5.3119524267436868e-01
  -7.2402417729890067e-01
  -8.3845136234763040e-01
  -1.6937882645108147e+00
  -7.7052233885520804e-01
   4.7938039419159006e-01
   1.5292851096206219e+00
   1.9364916731037083e+00
   1.5292851096206221e+00
   4.7938039419158973e-01
  -7.7052233885520638e-01
  -1.6937882645108160e+00
   2.3999670426633744e+00
  -3.4931837911964919e-01
  -2.6616444318976700e+00
  -2.4751619210512801e+00
   5.4564251172813044e-16
   2.4751619210512796e+00
   2.6616444318976709e+00
   3.4931837911965186e-01
  -2.3999670426633775e+00
  -2.7187474200532820e+00
   2.6003447876462253e+00
   3.7885728016102420e+00
  -5.5822634030390672e-01
  -3.5575623676894255e+00
  -5.5822634030390805e-01
   3.7885728016102433e+00
   2.6003447876462280e+00
  -2.7187474200532886e+00
   2.4471507887396462e+00
  -5.2164596399912817e+00
  -1.7442285613181254e+00
   4.4027938978160384e+00
  -1.4256103621600032e-15
  -4.4027938978160392e+00
   1.7442285613181319e+00
   5.2164596399912826e+00
  -2.4471507887396560e+00
  -1.4397099081778064e+00
   6.9472866943733234e+00
  -2.9185149644060426e+00
  -2.6783639880793251e+00
   5.1633473880807212e+00
  -2.6783639880793220e+00
  -2.9185149644060386e+00
   6.9472866943733198e+00
  -1.4397099081778284e+00
  -3.7247700566075376e-01
  -6.5852259312397701e+00
   6.6341194695000034e+00
  -3.9748884161081626e+00
   2.6960517582437962e-15
   3.9748884161081639e+00
  -6.6341194695000061e+00
   6.5852259312397496e+00
   3.7247700566072706e-01
   2.9686632460269964e+00
   3.5618993081534556e+00
  -5.5606247834342533e+00
   6.4830788114816960e+00
  -6.7644701670289749e+00
   6.4830788114816942e+00
  -5.5606247834342630e+00
   3.5618993081534356e+00
   2.9686632460269600e+00
  -4.6932965893001044e-01
  -8.8829827835658626e-01
  -9.3810906051278431e-01
  -5.9398801618648855e-01
   1.1857591645209797e-16
   5.9398801618648855e-01
   9.3810906051278442e-01
   8.8829827835658626e-01
   4.6932965893000961e-01
   1.1620067030632313e+00
   1.5417014691480064e+00
   2.6033830337209735e-01
  -1.6589595876901027e+00
  -2.5617376914898999e+00
  -1.6589595876901029e+00
   2.6033830337209835e-01
   1.5417014691480040e+00
   1.1620067030632297e+00
  -2.0821202887243060e+00
  -1.3733900225370039e+00
   2.2202446762197603e+00
   3.3580786102907574e+00
  -8.2151804739630398e-16
  -3.3580786102907569e+00
  -2.2202446762197594e+00
   1.3733900225370010e+00
   2.0821202887243047e+00
   3.1168815988571161e+00
  -1.3857440515447311e-01
  -4.6687958957233846e+00
  -3.8525122045761284e-01
   4.2481613669916065e+00
  -3.8525122045761212e-01
  -4.6687958957233882e+00
  -1.3857440515448008e-01
   3.1168815988571121e+00
  -4.1048023631949171e+00
   2.9423171326888991e+00
   4.2412351798053454e+00
  -4.6928525239975984e+00
   1.8996159270827914e-15
   4.6928525239975976e+00
  -4.2412351798053507e+00
  -2.9423171326889066e+00
   4.1048023631949189e+00
   4.8536485568138943e+00
  -6.2587428802308418e+00
   1.0401904674762960e-01
   4.3061819763977081e+00
  -5.8827658115677188e+00
   4.3061819763977072e+00
   1.0401904674762447e-01
  -6.2587428802308409e+00
   4.8536485568138943e+00
  -5.1614455469003113e+00
   8.7636552916618911e+00
  -5.8328072469660368e+00
   2.8819977773752425e+00
  -3.3664683402899691e-15
  -2.8819977773752439e+00
   5.8328072469660368e+00
  -8.7636552916618893e+00
   5.1614455469003238e+00
   1.9035214583022628e-01
   7.8966742609618723e-01
   1.2004169963762117e+00
   9.1037393778868658e-01
  -1.9211494190053040e-16
  -9.1037393778868658e-01
  -1.2004169963762121e+00
  -7.8966742609618723e-01
  -1.9035214583022561e-01
  -5.4055328417734494e-01
  -1.6962030159409045e+00
  -9.8812591803824357e-01
   1.6268326173024776e+00
   3.1374750995027831e+00
   1.6268326173024781e+00
  -9.8812591803824446e-01
  -1.6962030159409045e+00
  -5.4055328417734327e-01
   1.1142936984410088e+00
   2.2813197877304328e+00
  -1.3503011411306785e+00
  -4.0934305268195716e+00
   1.1150530630837258e-15
   4.0934305268195716e+00
   1.3503011411306762e+00
  -2.2813197877304305e+00
  -1.1142936984410050e+00
  -1.9243636881689186e+00
  -1.8630992156080988e+00
   4.6730064207391067e+00
   1.4636303001644495e+00
  -4.8983814291049237e+00
   1.4636303001644473e+00
   4.6730064207391049e+00
  -1.8630992156080943e+00
  -1.9243636881689139e+00
   2.9443359419442556e+00
  -3.0309856513589493e-02
  -6.0126463963647829e+00
   4.6050142463762880e+00
  -2.3942818405128215e-15
  -4.6050142463762880e+00
   6.0126463963647883e+00
   3.0309856513598955e-02
  -2.9443359419442472e+00
  -4.1046961125607924e+00
   3.3180260493300016e+00
   3.0144589435546929e+00
  -5.7702573341464101e+00
   6.5683567615405138e+00
  -5.7702573341464083e+00
   3.0144589435547013e+00
   3.3180260493300135e+00
  -4.1046961125607861e+00
  -6.7388827151230110e-02
  -6.1274527486240860e-01
  -1.3407916144831309e+00
  -1.2179018588606036e+00
   2.7169155637024922e-16
   1.2179018588606030e+00
   1.3407916144831311e+00
   6.1274527486240926e-01
   6.7388827151229749e-02
   2.1277050184113375e-01
   1.5160697636894356e+00
   1.5970202324293965e+00
  -1.4771204320083653e+00
  -3.6790156631903601e+00
  -1.4771204320083657e+00
   1.5970202324293987e+00
   1.5160697636894367e+00
   2.1277050184113275e-01
  -4.8712906492463576e-01
  -2.4861807793879462e+00
   3.1596582368522530e-01
   4.6789539231162749e+00
  -1.4237907810706673e-15
  -4.6789539231162731e+00
  -3.1596582368522308e-01
   2.4861807793879471e+00
   4.8712906492463343e-01
   9.3311505130741224e-01
   2.9512916428226039e+00
  -4.0196710989336726e+00
  -2.6029812025319576e+00
   5.5185234947855388e+00
  -2.6029812025319568e+00
  -4.0196710989336717e+00
   2.9512916428225973e+00
   9.3311505130740735e-01
  -1.5832956479838201e+00
  -2.2568390528736826e+00
   6.8944111107739952e+00
  -4.1919022078701831e+00
   2.9077026443136033e-15
   4.1919022078701840e+00
  -6.8944111107739996e+00
   2.2568390528736741e+00
   1.5832956479838132e+00
   2.2116142348621727e-02
   4.4076497451105962e-01
   1.3882951044321392e+00
   1.5104144372920596e+00
  -3.5619063536779610e-16
  -1.5104144372920596e+00
  -1.3882951044321397e+00
  -4.4076497451106023e-01
  -2.2116142348621567e-02
  -7.6169682793343685e-02
  -1.2141680686993845e+00
  -2.0521783363135913e+00
   1.2400119561500618e+00
   4.1947232477244549e+00
   1.2400119561500627e+00
  -2.0521783363135926e+00
  -1.2141680686993861e+00
  -7.6169682793343144e-02
   1.8987096102440665e-01
   2.2722261288212979e+00
   7.1042481709058281e-01
  -5.1183924318728433e+00
   1.7458792179263823e-15
   5.1183924318728433e+00
  -7.1042481709058536e-01
  -2.2722261288212970e+00
  -1.8987096102440526e-01
  -3.9524632570758828e-01
  -3.2493935657400232e+00
   2.9476942680473472e+00
   3.7496369106327641e+00
  -6.1148073674176331e+00
   3.7496369106327632e+00
   2.9476942680473464e+00
  -3.2493935657400232e+00
  -3.9524632570758578e-01
  -6.9149142490591443e-03
  -3.0205784837310751e-01
  -1.3694880368926712e+00
  -1.7845795279733219e+00
   4.4488196098402804e-16
   1.7845795279733212e+00
   1.3694880368926712e+00
   3.0205784837310812e-01
   6.9149142490590818e-03
   2.5639724960797305e-02
   9.0783280261717081e-01
   2.3543295390572174e+00
  -9.3794913801771618e-01
  -4.6898431643552847e+00
  -9.3794913801771662e-01
   2.3543295390572179e+00
   9.0783280261717159e-01
   2.5639724960797073e-02
  -6.8679875142371866e-02
  -1.8779406850360691e+00
  -1.6267782233118770e+00
   5.4191779934110258e+00
  -2.0798953874440116e-15
  -5.4191779934110249e+00
   1.6267782233118797e+00
   1.8779406850360723e+00
   6.8679875142371311e-02
   2.0904044597836514e-03
   2.0014247922570125e-01
   1.3061732810437283e+00
   2.0386458488045949e+00
  -5.3724600868359175e-16
  -2.0386458488045949e+00
  -1.3061732810437288e+00
  -2.0014247922570164e-01
  -2.0904044597836293e-03
  -8.2648362257898046e-03
  -6.4744935422362870e-01
  -2.5209003214154966e+00
   5.8836480952384429e-01
   5.1679554634182940e+00
   5.8836480952384484e-01
  -2.5209003214154988e+00
  -6.4744935422363004e-01
  -8.2648362257897196e-03
  -6.1645568595584249e-04
  -1.2936489518409877e-01
  -1.2152660442017962e+00
  -2.2718292289349211e+00
   6.3289201164112912e-16
   2.2718292289349207e+00
   1.2152660442017966e+00
   1.2936489518409916e-01
   6.1645568595583490e-04
