  -0.0000000000000000e+00
  -0.0000000000000000e+00
  -0.0000000000000000e+00
  -0.0000000000000000e+00
  -0.0000000000000000e+00
  -0.0000000000000000e+00
  -0.0000000000000000e+00
  -0.0000000000000000e+00
  -0.0000000000000000e+00
  -0.0000000000000000e+00
  -0.0000000000000000e+00
  -0.0000000000000000e+00
  -0.0000000000000000e+00
  -0.0000000000000000e+00
  -0.0000000000000000e+00
  -0.0000000000000000e+00
  -0.0000000000000000e+00
  -1.6775083176671451e-01
  -3.7990009010860043e-01
  -5.8117858560772739e-01
  -7.6410326041038845e-01
  -9.2260661687517775e-01
  -1.0515334610809917e+00
  -1.1467145994150509e+00
  -1.2050788751918424e+00
  -1.2247448713915892e+00
  -1.2050788751918429e+00
  -1.1467145994150509e+00
  -1.0515334610809917e+00
  -9.2260661687517775e-01
  -7.6410326041038779e-01
  -5.8117858560772773e-01
  -3.7990009010859871e-01
  -1.6775083176671252e-01
   6.4357310007964141e-01
   1.3987733128429007e+00
   1.9813258951676704e+00
   2.3127806591991296e+00
   2.3500169339049566e+00
   2.0879689120814406e+00
   1.5598928071505476e+00
   8.3303037006539926e-01
   7.6279954948248138e-16
  -8.3303037006539871e-01
  -1.5598928071505467e+00
  -2.0879689120814406e+00
  -2.3500169339049566e+00
  -2.3127806591991287e+00
  -1.9813258951676713e+00
  -1.3987733128428945e+00
  -6.4357310007963398e-01
  -1.5014078528333898e+00
  -3.0630804932559941e+00
  -3.8272943232982675e+00
  -3.5957892474487676e+00
  -2.4578067968058761e+00
  -7.5716233153147761e-01
   1.0067907897248487e+00
   2.3213730947454496e+00
   2.8062430400804552e+00
   2.3213730947454501e+00
   1.0067907897248498e+00
  -7.5716233153147761e-01
  -2.4578067968058743e+00
  -3.5957892474487712e+00
  -3.8272943232982688e+00
  -3.0630804932559830e+00
  -1.5014078528333725e+00
   2.7836557073094119e+00
   5.2022145285013863e+00
   5.3690588742472372e+00
   3.2977557666155271e+00
   7.2830117253483304e-02
  -2.7080182358559712e+00
  -3.7260034722278110e+00
  -2.5863798738600861e+00
  -2.5585074687735642e-15
   2.5863798738600856e+00
   3.7260034722278106e+00
   2.7080182358559712e+00
  -7.2830117253479321e-02
  -3.2977557666155386e+00
  -5.3690588742472354e+00
  -5.2022145285013739e+00
  -2.7836557073093813e+00
  -4.5063553864031904e+00
  -7.5023512169066819e+00
  -5.7587062928562549e+00
  -7.7635884697351298e-01
   3.7321344052157999e+00
   4.6399815297814513e+00
   1.6777283803753973e+00
  -2.4892090808396419e+00
  -4.3972647748344640e+00
  -2.4892090808396463e+00
   1.6777283803753951e+00
   4.6399815297814513e+00
   3.7321344052158021e+00
  -7.7635884697353341e-01
  -5.7587062928562487e+00
  -7.5023512169066775e+00
  -4.5063553864031451e+00
   6.6614151051644876e+00
   9.5552440926773734e+00
   4.3800105980985533e+00
  -3.3049911940969121e+00
  -5.9753883299101238e+00
  -1.7838811606716349e+00
   3.9643861852281814e+00
   4.7927039495696828e+00
   5.3811507559370549e-15
  -4.7927039495696837e+00
  -3.9643861852281823e+00
   1.7838811606716349e+00
   5.9753883299101238e+00
   3.3049911940968872e+00
  -4.3800105980985391e+00
  -9.5552440926773823e+00
  -6.6614151051644237e+00
  -9.2181482733136484e+00
  -1.0920710141522116e+01
  -1.1275805786288879e+00
   7.0690558384981514e+00
   4.0616464604666902e+00
  -4.1928195031918030e+00
  -5.5263694510155572e+00
   1.4003456330445259e+00
   5.9907154727127558e+00
   1.4003456330445316e+00
  -5.5263694510155537e+00
  -4.1928195031918030e+00
   4.0616464604666831e+00
   7.0690558384981381e+00
  -1.1275805786288606e+00
  -1.0920710141522155e+01
  -9.2181482733135667e+00
   1.2124822486248677e+01
   1.1196193590860407e+01
  -3.4600382859161036e+00
  -8.2835757586671672e+00
   1.7155510840135748e+00
   7.2351757173655455e+00
  -7.5310361265699177e-01
  -6.8337925174147749e+00
  -9.2303719704744460e-15
   6.8337925174147784e+00
   7.5310361265699832e-01
  -7.2351757173655455e+00
  -1.7155510840135890e+00
   8.2835757586671814e+00
   3.4600382859161334e+00
  -1.1196193590860487e+01
  -1.2124822486248579e+01
  -1.5310486971283124e+01
  -1.0084683979589688e+01
   8.2698355841604663e+00
   5.5929430897692782e+00
  -7.6773197386960064e+00
  -3.0245534493549111e+00
   7.5914261983661211e+00
   9.6709863024332998e-01
  -7.5851187927157291e+00
   9.6709863024332232e-01
   7.5914261983661193e+00
  -3.0245534493549111e+00
  -7.6773197386960144e+00
   5.5929430897693253e+00
   8.2698355841604911e+00
  -1.0084683979589833e+01
  -1.5310486971283019e+01
   1.8687177606833185e+01
   7.4518531157111694e+00
  -1.1883376257221281e+01
   5.2854141039252933e-01
   9.0877159328118005e+00
  -5.4933415892039328e+00
  -4.9877801191099866e+00
   8.0561599100044425e+00
   1.4106104201810681e-14
  -8.0561599100044567e+00
   4.9877801191099751e+00
   5.4933415892039328e+00
  -9.0877159328117916e+00
  -5.2854141039245539e-01
   1.1883376257221290e+01
  -7.4518531157113888e+00
  -1.8687177606833075e+01
  -2.2152521431948180e+01
  -3.3642173826094388e+00
   1.2980006135659856e+01
  -7.6767310723797975e+00
  -3.8436355695205595e+00
   9.8501466888436902e+00
  -5.3374998254302897e+00
  -4.3305478134385424e+00
   9.1799896060660320e+00
  -4.3305478134385345e+00
  -5.3374998254302968e+00
   9.8501466888436902e+00
  -3.8436355695205391e+00
  -7.6767310723797255e+00
   1.2980006135659838e+01
  -3.3642173826097181e+00
  -2.2152521431948092e+01
   2.5592719861750940e+01
  -1.8977837183512851e+00
  -1.0762198017557013e+01
   1.2449279390106026e+01
  -5.3064054548486110e+00
  -4.4701697775608915e+00
   1.0023553226798045e+01
  -7.9041436513387939e+00
  -2.0008327939393255e-14
   7.9041436513388117e+00
  -1.0023553226798040e+01
   4.4701697775608915e+00
   5.3064054548486377e+00
  -1.2449279390106012e+01
   1.0762198017556949e+01
   1.8977837183509567e+00
  -2.5592719861750854e+01
  -2.8885862892358062e+01
   7.8549475132928421e+00
   5.2748747884603553e+00
  -1.2053866749481129e+01
   1.2067303447824688e+01
  -6.5998062356376375e+00
  -1.3573467073241403e+00
   8.1374277329082094e+00
  -1.0775123580436350e+01
   8.1374277329082059e+00
  -1.3573467073241239e+00
  -6.5998062356376375e+00
   1.2067303447824690e+01
  -1.2053866749481205e+01
   5.2748747884602718e+00
   7.8549475132925037e+00
  -2.8885862892358062e+01
   3.1905508111169329e+01
  -1.3872394429687967e+01
   2.4886223807856234e+00
   5.8371681884356557e+00
  -1.0927899477207582e+01
   1.2468097743396690e+01
  -1.0599958864449853e+01
   6.0416161426014439e+00
   2.6937035867206655e-14
  -6.0416161426014723e+00
   1.0599958864449855e+01
  -1.2468097743396690e+01
   1.0927899477207550e+01
  -5.8371681884357844e+00
  -2.4886223807857237e+00
   1.3872394429687642e+01
  -3.1905508111169386e+01
  -3.4524445223838661e+01
   1.9226706660822206e+01
  -1.0747336881228197e+01
   4.0685709445970435e+00
   1.5381676202153198e+00
  -6.1131900194007569e+00
   9.5318210997650201e+00
  -1.1651633004888993e+01
   1.2370420085270018e+01
  -1.1651633004888994e+01
   9.5318210997649988e+00
  -6.1131900194007569e+00
   1.5381676202152799e+00
   4.0685709445968907e+00
  -1.0747336881228268e+01
   1.9226706660821968e+01
  -3.4524445223838832e+01
   3.6618557673565135e+01
  -2.3190023660238086e+01
   1.7340270260502333e+01
  -1.3421777615375639e+01
   1.0277314463291470e+01
  -7.5039061786553525e+00
   4.9225576510187974e+00
  -2.4400976944773429e+00
  -3.4892224751883385e-14
   2.4400976944773674e+00
  -4.9225576510188249e+00
   7.5039061786553525e+00
  -1.0277314463291489e+01
   1.3421777615375539e+01
  -1.7340270260502372e+01
   2.3190023660237998e+01
  -3.6618557673565476e+01
   8.5786352598813043e-01
   8.2330915260777882e-01
   7.6230946853328574e-01
   6.7681098078792068e-01
   5.6955993121801463e-01
   4.4400302939677727e-01
   3.0417562976706380e-01
   1.5457183534907656e-01
   1.3926750670211105e-16
  -1.5457183534907651e-01
  -3.0417562976706369e-01
  -4.4400302939677727e-01
  -5.6955993121801463e-01
  -6.7681098078792112e-01
  -7.6230946853328563e-01
  -8.2330915260777904e-01
  -8.5786352598813076e-01
  -1.8638336236287971e+00
  -1.5638485048704891e+00
  -1.0643770312998515e+00
  -4.2898766294182844e-01
   2.6130494364496237e-01
   9.1847185483332172e-01
   1.4587059174030443e+00
   1.8131115800466155e+00
   1.9364916731037083e+00
   1.8131115800466162e+00
   1.4587059174030446e+00
   9.1847185483332172e-01
   2.6130494364496304e-01
  -4.2898766294183116e-01
  -1.0643770312998497e+00
  -1.5638485048704920e+00
  -1.8638336236287982e+00
   2.9840170190854183e+00
   1.9690502520616429e+00
   4.4375705657340148e-01
  -1.1639759732867474e+00
  -2.4038945044550535e+00
  -2.9310551995012424e+00
  -2.6033219451816918e+00
  -1.5213842579583177e+00
  -1.4330010617712442e-15
   1.5213842579583177e+00
   2.6033219451816905e+00
   2.9310551995012424e+00
   2.4038945044550544e+00
   1.1639759732867416e+00
  -4.4375705657339798e-01
  -1.9690502520616533e+00
  -2.9840170190854245e+00
  -4.1099425726571646e+00
  -1.7419548246895684e+00
   1.3168141969513103e+00
   3.6117706299459686e+00
   4.0793525727448898e+00
   2.5643455711456729e+00
  -1.1301181660579507e-01
  -2.5712724646946112e+00
  -3.5575623676894255e+00
  -2.5712724646946148e+00
  -1.1301181660579601e-01
   2.5643455711456729e+00
   4.0793525727448898e+00
   3.6117706299459633e+00
   1.3168141969513172e+00
  -1.7419548246895917e+00
  -4.1099425726571797e+00
   5.1382555769872669e+00
   6.7919059457117359e-01
  -3.9510121327674388e+00
  -5.5136678298524746e+00
  -3.0915214355318610e+00
   1.2904748312508245e+00
   4.2449365363050537e+00
   3.5955707973199096e+00
   3.7440285878334571e-15
  -3.5955707973199078e+00
  -4.2449365363050546e+00
  -1.2904748312508245e+00
   3.0915214355318574e+00
   5.5136678298524764e+00
   3.9510121327674472e+00
  -6.7919059457121644e-01
  -5.1382555769872988e+00
  -5.9700438038091646e+00
   1.2873022663143547e+00
   6.7277408775915397e+00
   5.2940815957735072e+00
  -9.8766609842769904e-01
  -5.3596043732635419e+00
  -3.4809223475353939e+00
   2.1656821712239336e+00
   5.1633473880807212e+00
   2.1656821712239394e+00
  -3.4809223475353899e+00
  -5.3596043732635419e+00
  -9.8766609842770647e-01
   5.2940815957735259e+00
   6.7277408775915477e+00
   1.2873022663142899e+00
  -5.9700438038092152e+00
   6.5122009394570757e+00
  -4.0657215886076630e+00
  -8.6428577485762954e+00
  -2.1999308178667238e+00
   5.7918942350839329e+00
   4.7279398682414255e+00
  -2.9230133403154408e+00
  -5.8310743525628386e+00
  -7.0805425697449565e-15
   5.8310743525628386e+00
   2.9230133403154444e+00
  -4.7279398682414255e+00
  -5.7918942350839338e+00
   2.1999308178667603e+00
   8.6428577485762883e+00
   4.0657215886075804e+00
  -6.5122009394571547e+00
  -6.6796774832664756e+00
   7.4020102332961182e+00
   8.7343092339818238e+00
  -3.0111128435827488e+00
  -7.5002624088381040e+00
   1.4408762809445750e+00
   6.9311280107769608e+00
  -4.3828377658264106e-01
  -6.7644701670289749e+00
  -4.3828377658264900e-01
   6.9311280107769582e+00
   1.4408762809445750e+00
  -7.5002624088380960e+00
  -3.0111128435827026e+00
   8.7343092339818060e+00
   7.4020102332960231e+00
  -6.6796774832665990e+00
   6.3980166426379323e+00
  -1.0901402809394199e+01
  -6.4276162741591110e+00
   8.1494537562311979e+00
   3.8208685228379449e+00
  -7.6773960924433586e+00
  -1.8053007445420772e+00
   7.5732541658354302e+00
   1.1443274280201445e-14
  -7.5732541658354364e+00
   1.8053007445420683e+00
   7.6773960924433586e+00
  -3.8208685228379347e+00
  -8.1494537562311660e+00
   6.4276162741590781e+00
   1.0901402809394117e+01
  -6.3980166426381038e+00
  -5.6058700562025967e+00
   1.4072311100288005e+01
   1.8014990399005930e+00
  -1.0515959466142213e+01
   3.6726735346614228e+00
   7.0119516114647853e+00
  -7.1561090395938578e+00
  -2.4771070006385685e+00
   8.3635676912647217e+00
  -2.4771070006385605e+00
  -7.1561090395938596e+00
   7.0119516114647853e+00
   3.6726735346614383e+00
  -1.0515959466142222e+01
   1.8014990399005415e+00
   1.4072311100287955e+01
  -5.6058700562028267e+00
   4.2573122090635298e+00
  -1.6387813557437568e+01
   4.3206652318042638e+00
   8.2808563208728394e+00
  -9.9737701257132105e+00
   1.3621830592882069e+00
   7.7400157745823899e+00
  -8.1975601764582269e+00
  -1.6832386252983009e-14
   8.1975601764582411e+00
  -7.7400157745823845e+00
  -1.3621830592882069e+00
   9.9737701257132123e+00
  -8.2808563208729016e+00
  -4.3206652318043197e+00
   1.6387813557437582e+01
  -4.2573122090638282e+00
  -2.3238308127270861e+00
   1.7357442171155494e+01
  -1.0501980378556263e+01
  -1.6304883568176638e+00
   9.9877908990006112e+00
  -9.8849063447160592e+00
   2.5734364300439947e+00
   6.1534922092874558e+00
  -9.9616052740318928e+00
   6.1534922092874451e+00
   2.5734364300440036e+00
  -9.8849063447160592e+00
   9.9877908990006006e+00
  -1.6304883568177675e+00
  -1.0501980378556297e+01
   1.7357442171155590e+01
  -2.3238308127274578e+00
  -2.0409661587118488e-01
  -1.6600252150497273e+01
   1.5030340178394477e+01
  -6.9699406026575090e+00
  -2.5552440292872376e+00
   9.4126782733621610e+00
  -1.1054929936193362e+01
   7.2410069704419566e+00
   2.3247931082197955e-14
  -7.2410069704419842e+00
   1.1054929936193357e+01
  -9.4126782733621610e+00
   2.5552440292872052e+00
   6.9699406026574131e+00
  -1.5030340178394489e+01
   1.6600252150497461e+01
   2.0409661587073516e-01
   3.3159070452075072e+00
   1.3909540503929774e+01
  -1.6384471644771331e+01
   1.3662148603622683e+01
  -7.9674733897610865e+00
   1.0533989880899290e+00
   5.3967282743715748e+00
  -9.9306570252394373e+00
   1.1559019286536868e+01
  -9.9306570252394337e+00
   5.3967282743715526e+00
   1.0533989880899290e+00
  -7.9674733897611167e+00
   1.3662148603622635e+01
  -1.6384471644771278e+01
   1.3909540503930103e+01
   3.3159070452069841e+00
  -6.9803856492040195e+00
  -9.3001537515176285e+00
   1.3702887393448034e+01
  -1.4925276960220041e+01
   1.4190125312575571e+01
  -1.1972156611689147e+01
   8.6268606365086491e+00
  -4.5101565713514304e+00
  -3.0689929934527290e-14
   4.5101565713514642e+00
  -8.6268606365086580e+00
   1.1972156611689147e+01
  -1.4190125312575569e+01
   1.4925276960220074e+01
  -1.3702887393447957e+01
   9.3001537515180939e+00
   6.9803856492034111e+00
   1.1145660678325658e+01
   3.0310587246808329e+00
  -7.1185714117516481e+00
   9.3753517073388952e+00
  -1.0876251997155734e+01
   1.1919467252134554e+01
  -1.2618439349637940e+01
   1.3023232323975249e+01
  -1.3156035612096993e+01
   1.3023232323975257e+01
  -1.2618439349637921e+01
   1.1919467252134554e+01
  -1.0876251997155684e+01
   9.3753517073390569e+00
  -7.1185714117515317e+00
   3.0310587246814018e+00
   1.1145660678324999e+01
  -2.6273761789604227e-01
  -5.7104681371458843e-01
  -8.0887290955398461e-01
  -9.4418875033593086e-01
  -9.5939039582782759e-01
  -8.5240973889894023e-01
  -6.3682357182608740e-01
  -3.4008322448367845e-01
  -3.1141161204282791e-16
   3.4008322448367823e-01
   6.3682357182608706e-01
   8.5240973889894023e-01
   9.5939039582782759e-01
   9.4418875033593053e-01
   8.0887290955398494e-01
   5.7104681371458599e-01
   2.6273761789603917e-01
   6.8200453365519176e-01
   1.3598710621397996e+00
   1.6100465442263339e+00
   1.3302002287324868e+00
   5.7428814804479511e-01
  -4.6506112477649508e-01
  -1.5108522933943485e+00
  -2.2797097320713209e+00
  -2.5617376914898999e+00
  -2.2797097320713213e+00
  -1.5108522933943491e+00
  -4.6506112477649508e-01
   5.7428814804479389e-01
   1.3302002287324890e+00
   1.6100465442263343e+00
   1.3598710621397951e+00
   6.8200453365518421e-01
  -1.3054635481093890e+00
  -2.3010872625226750e+00
  -1.9946820106185985e+00
  -4.5030099037514754e-01
   1.6156510993117867e+00
   3.1891180907546697e+00
   3.4595422902474344e+00
   2.2248116827709548e+00
   2.1575229365004236e-15
  -2.2248116827709543e+00
  -3.4595422902474344e+00
  -3.1891180907546697e+00
  -1.6156510993117899e+00
   4.5030099037515564e-01
   1.9946820106185965e+00
   2.3010872625226710e+00
   1.3054635481093753e+00
   2.1340345230143267e+00
   3.1717297026358633e+00
   1.4259566299065392e+00
  -1.9445200868479569e+00
  -4.4294261199750000e+00
  -4.0772170008018884e+00
  -1.0026724573442816e+00
   2.6456703613174883e+00
   4.2481613669916065e+00
   2.6456703613174919e+00
  -1.0026724573442798e+00
  -4.0772170008018884e+00
  -4.4294261199750009e+00
  -1.9445200868479444e+00
   1.4259566299065336e+00
   3.1717297026358673e+00
   2.1340345230143063e+00
  -3.1532665513337115e+00
  -3.6977262044088981e+00
   4.0739203718668715e-01
   5.0693999905705489e+00
   5.3364677867116033e+00
   6.9778148951415064e-01
  -4.2545546774819227e+00
  -4.5452755446261817e+00
  -4.9888921445027259e-15
   4.5452755446261826e+00
   4.2545546774819236e+00
  -6.9778148951415064e-01
  -5.3364677867116024e+00
  -5.0693999905705374e+00
  -4.0739203718669742e-01
   3.6977262044089141e+00
   3.1532665513336831e+00
   4.3347446034683701e+00
   3.6016784377390829e+00
  -3.3972703242961853e+00
  -7.2882708976167585e+00
  -2.4996313707085243e+00
   4.8312839142762476e+00
   5.1000688740799527e+00
  -1.6613163263467430e+00
  -5.8827658115677188e+00
  -1.6613163263467485e+00
   5.1000688740799474e+00
   4.8312839142762476e+00
  -2.4996313707085176e+00
  -7.2882708976167603e+00
  -3.3972703242962012e+00
   3.6016784377391224e+00
   4.3347446034683372e+00
  -5.6371959055080643e+00
  -2.6538016082375497e+00
   6.9492279920610880e+00
   6.8998862447395295e+00
  -3.2200100925855963e+00
  -6.8556218091756342e+00
   1.3611243691820625e+00
   6.7128705136680988e+00
   8.8412332293830971e-15
  -6.7128705136681006e+00
  -1.3611243691820682e+00
   6.8556218091756342e+00
   3.2200100925856074e+00
  -6.8998862447395553e+00
  -6.9492279920611031e+00
   2.6538016082376186e+00
   5.6371959055080278e+00
   7.0078149992270413e+00
   7.1987090945360732e-01
  -1.0079935100755128e+01
  -3.1567781652777143e+00
   8.1712236303815384e+00
   1.9891029460931016e+00
  -7.6269800407489248e+00
  -6.6268990455864740e-01
   7.5003662019972372e+00
  -6.6268990455863952e-01
  -7.6269800407489230e+00
   1.9891029460931016e+00
   8.1712236303815438e+00
  -3.1567781652777640e+00
  -1.0079935100755135e+01
   7.1987090945371868e-01
   7.0078149992270085e+00
  -8.3838936719519275e+00
   2.2008777263528319e+00
   1.1667665166983779e+01
  -3.0436095456501371e+00
  -8.2605438946103309e+00
   6.2130441581277669e+00
   4.4127197881062603e+00
  -8.0641973908273563e+00
  -1.3718440140739733e-14
   8.0641973908273687e+00
  -4.4127197881062479e+00
  -6.2130441581277669e+00
   8.2605438946103202e+00
   3.0436095456500714e+00
  -1.1667665166983770e+01
  -2.2008777263526791e+00
   8.3838936719519008e+00
   9.6947598307937266e+00
  -5.9540816399156018e+00
  -1.0793527475793685e+01
   9.2539904113786946e+00
   2.2422672984278789e+00
  -9.5789314433722073e+00
   5.7947545415950916e+00
   4.0346006615713854e+00
  -9.1101787860298131e+00
   4.0346006615713765e+00
   5.7947545415950978e+00
  -9.5789314433722073e+00
   2.2422672984278589e+00
   9.2539904113786395e+00
  -1.0793527475793653e+01
  -5.9540816399154188e+00
   9.6947598307937231e+00
  -1.0863997610635943e+01
   1.0229169866004190e+01
   7.0755245522158061e+00
  -1.2446322120513397e+01
   6.6254163025259176e+00
   3.4695491004697021e+00
  -9.7853065329298605e+00
   8.0298524823566595e+00
   1.9621478338953824e-14
  -8.0298524823566755e+00
   9.7853065329298534e+00
  -3.4695491004697021e+00
  -6.6254163025259425e+00
   1.2446322120513404e+01
  -7.0755245522157422e+00
  -1.0229169866003993e+01
   1.0863997610635961e+01
   1.1811903037949916e+01
  -1.4580693048423448e+01
  -8.8902520026192555e-01
   1.0476927378722255e+01
  -1.2231736640981758e+01
   7.3753248318826454e+00
   7.2955065728366220e-01
  -7.8938298840156103e+00
   1.0715756056577371e+01
  -7.8938298840156040e+00
   7.2955065728364610e-01
   7.3753248318826454e+00
  -1.2231736640981756e+01
   1.0476927378722344e+01
  -8.8902520026184628e-01
  -1.4580693048423264e+01
   1.1811903037949994e+01
  -1.2458117510388426e+01
   1.8471002899410323e+01
  -6.6095065677127876e+00
  -3.3483828539982121e+00
   9.8314082975521710e+00
  -1.2278808560457920e+01
   1.0815833205727634e+01
  -6.2606832334848352e+00
  -2.6550683767417849e-14
   6.2606832334848619e+00
  -1.0815833205727634e+01
   1.2278808560457920e+01
  -9.8314082975521391e+00
   3.3483828539983449e+00
   6.6095065677128657e+00
  -1.8471002899410191e+01
   1.2458117510388558e+01
   1.2724372836747701e+01
  -2.1330321785005847e+01
   1.3688263360332115e+01
  -6.4219447595986310e+00
   8.4140079525172259e-02
   5.1426114547764614e+00
  -9.0612524288544432e+00
   1.1493711828004207e+01
  -1.2318768836359746e+01
   1.1493711828004212e+01
  -9.0612524288544201e+00
   5.1426114547764614e+00
   8.4140079525211076e-02
  -6.4219447595984898e+00
   1.3688263360332165e+01
  -2.1330321785005815e+01
   1.2724372836747918e+01
  -1.2537275775175823e+01
   2.2627703730841048e+01
  -1.8443285435323119e+01
   1.4646352274239662e+01
  -1.1337401919815413e+01
   8.3228490136546576e+00
  -5.4754672514493539e+00
   2.7180566587541222e+00
   3.4506198886697636e-14
  -2.7180566587541461e+00
   5.4754672514493796e+00
  -8.3228490136546576e+00
   1.1337401919815425e+01
  -1.4646352274239590e+01
   1.8443285435323133e+01
  -2.2627703730841169e+01
   1.2537275775176147e+01
   5.8305022146076559e-02
   2.8698561832966935e-01
   6.2188333438883214e-01
   9.5439883123205882e-01
   1.1709300616405298e+00
   1.1857428766614062e+00
   9.6603641243126315e-01
   5.4215030630987504e-01
   5.0454447703068860e-16
  -5.4215030630987493e-01
  -9.6603641243126270e-01
  -1.1857428766614062e+00
  -1.1709300616405298e+00
  -9.5439883123205771e-01
  -6.2188333438883281e-01
  -2.8698561832966674e-01
  -5.8305022146075185e-02
  -1.7216235281489600e-01
  -7.8944534148867840e-01
  -1.4831306333154113e+00
  -1.7622863836837301e+00
  -1.2999289763799173e+00
  -1.1889181813155338e-01
   1.3932137096961228e+00
   2.6504647860189623e+00
   3.1374750995027831e+00
   2.6504647860189636e+00
   1.3932137096961232e+00
  -1.1889181813155338e-01
  -1.2999289763799167e+00
  -1.7622863836837304e+00
  -1.4831306333154126e+00
  -7.8944534148867185e-01
  -1.7216235281489203e-01
   3.7314760529261126e-01
   1.5602195667732428e+00
   2.3834429580272323e+00
   1.7104637309379398e+00
  -4.9712139620279489e-01
  -3.0057610198524887e+00
  -4.1247591801526324e+00
  -2.9318848206561636e+00
  -2.9284232606245433e-15
   2.9318848206561627e+00
   4.1247591801526324e+00
   3.0057610198524887e+00
   4.9712139620279727e-01
  -1.7104637309379460e+00
  -2.3834429580272327e+00
  -1.5602195667732326e+00
  -3.7314760529260282e-01
  -6.8587450490572877e-01
  -2.5513513019378515e+00
  -2.8516533675619100e+00
  -8.6294343769379167e-02
   3.8140964280930385e+00
   5.1373963770330588e+00
   2.2142380055371951e+00
  -2.5820950694747049e+00
  -4.8983814291049237e+00
  -2.5820950694747102e+00
   2.2142380055371920e+00
   5.1373963770330588e+00
   3.8140964280930429e+00
  -8.6294343769395029e-02
  -2.8516533675619082e+00
  -2.5513513019378378e+00
  -6.8587450490571344e-01
   1.1323032605184205e+00
   3.6382497563072720e+00
   2.3668545584111209e+00
  -3.0793430963687975e+00
  -6.4036254472335328e+00
  -2.8226400173600310e+00
   3.8389477795521292e+00
   5.4284091196670836e+00
   6.2880152222156808e-15
  -5.4284091196670836e+00
  -3.8389477795521314e+00
   2.8226400173600310e+00
   6.4036254472335301e+00
   3.0793430963687753e+00
  -2.3668545584111111e+00
  -3.6382497563072582e+00
  -1.1323032605183958e+00
  -1.7302896283217122e+00
  -4.6268930560957582e+00
  -5.6322576519641843e-01
   6.7164704780678735e+00
   5.5805451157367916e+00
  -3.3438573312807502e+00
  -6.4236154162040666e+00
   1.0153993185109780e+00
   6.5683567615405138e+00
   1.0153993185109853e+00
  -6.4236154162040640e+00
  -3.3438573312807502e+00
   5.5805451157367818e+00
   6.7164704780678530e+00
  -5.6322576519640111e-01
  -4.6268930560957520e+00
  -1.7302896283216767e+00
   2.4921734165681166e+00
   5.2742290941849506e+00
  -2.5755068851572887e+00
  -9.0046982904188670e+00
  -5.4197792321966898e-01
   7.8798891636491790e+00
   5.1920880509346468e-01
  -7.4391146904058303e+00
  -1.0659749837517817e-14
   7.4391146904058374e+00
  -5.1920880509345713e-01
  -7.8798891636491790e+00
   5.4197792321965854e-01
   9.0046982904188635e+00
   2.5755068851573113e+00
  -5.2742290941849657e+00
  -2.4921734165680669e+00
  -3.4235274914392102e+00
  -5.3203034022325886e+00
   6.6030045132846782e+00
   8.2072961462058593e+00
  -6.2767699875509990e+00
  -5.3473113182334071e+00
   7.6259318224894628e+00
   1.8593920152186452e+00
  -8.2072255376217491e+00
   1.8593920152186356e+00
   7.6259318224894601e+00
  -5.3473113182334071e+00
  -6.2767699875510088e+00
   8.2072961462058949e+00
   6.6030045132847057e+00
  -5.3203034022326401e+00
  -3.4235274914391440e+00
   4.5221175589316021e+00
   4.5283794119709242e+00
  -1.0632837771528955e+01
  -3.6827644662384027e+00
   1.0263036530288787e+01
  -3.3424828886357956e+00
  -6.8175505189723316e+00
   8.3206194428927560e+00
   1.6053358624131943e-14
  -8.3206194428927702e+00
   6.8175505189723271e+00
   3.3424828886357956e+00
  -1.0263036530288781e+01
   3.6827644662384791e+00
   1.0632837771528980e+01
  -4.5283794119710210e+00
  -4.5221175589315212e+00
  -5.7771111343005712e+00
  -2.7277983171193063e+00
   1.3513411423619411e+01
  -3.4657071188419941e+00
  -7.7849283147202479e+00
   1.0331943276963692e+01
  -3.7200983775890073e+00
  -5.5951222145625898e+00
   9.8313826118541865e+00
  -5.5951222145625792e+00
  -3.7200983775890144e+00
   1.0331943276963692e+01
  -7.7849283147202293e+00
  -3.4657071188419049e+00
   1.3513411423619402e+01
  -2.7277983171194586e+00
  -5.7771111343004691e+00
   7.1685672570492622e+00
  -1.4651490911857504e-01
  -1.4124962199594616e+01
   1.0538671576276505e+01
  -7.0595548752438364e-01
  -7.9130911416038687e+00
   1.0977995041730740e+01
  -7.5839439073628201e+00
  -2.2471484132352702e-14
   7.5839439073628458e+00
  -1.0977995041730736e+01
   7.9130911416038687e+00
   7.0595548752441495e-01
  -1.0538671576276450e+01
   1.4124962199594584e+01
   1.4651490911836909e-01
  -7.1685672570491601e+00
  -8.6672314610927277e+00
   4.0240433069823700e+00
   1.1725266672748123e+01
  -1.4263339745691967e+01
   1.0153837400497784e+01
  -3.0758186220006065e+00
  -4.1996262187260278e+00
   9.5118271549424218e+00
  -1.1447335321604402e+01
   9.5118271549424200e+00
  -4.1996262187260056e+00
  -3.0758186220006065e+00
   1.0153837400497805e+01
  -1.4263339745691965e+01
   1.1725266672748038e+01
   4.0240433069821044e+00
  -8.6672314610926158e+00
   1.0234652660919348e+01
  -8.6835304035996117e+00
  -6.2453993296004100e+00
   1.2313157572522050e+01
  -1.3865251030250727e+01
   1.2596343399401155e+01
  -9.4178605808857441e+00
   5.0123744355381179e+00
   2.9915104598806256e-14
  -5.0123744355381508e+00
   9.4178605808857512e+00
  -1.2596343399401155e+01
   1.3865251030250715e+01
  -1.2313157572522126e+01
   6.2453993296003203e+00
   8.6835304035993008e+00
  -1.0234652660919238e+01
  -1.1823630055407000e+01
   1.3756502680229083e+01
  -1.5612996598113622e+00
  -4.6255078557510272e+00
   8.2583978811269141e+00
  -1.0554006018254574e+01
   1.1996262180588367e+01
  -1.2799499002314660e+01
   1.3058219864091750e+01
  -1.2799499002314663e+01
   1.1996262180588344e+01
  -1.0554006018254574e+01
   8.2583978811268643e+00
  -4.6255078557511977e+00
  -1.5612996598114675e+00
   1.3756502680228774e+01
  -1.1823630055406911e+01
  -1.1293797986110299e-02
  -1.2589222185271051e-01
  -4.1733796158141412e-01
  -8.4207605861155443e-01
  -1.2474320245650787e+00
  -1.4397364160442703e+00
  -1.2791403726272230e+00
  -7.5440498449331572e-01
  -7.1353364223724021e-16
   7.5440498449331539e-01
   1.2791403726272230e+00
   1.4397364160442703e+00
   1.2474320245650794e+00
   8.4207605861155255e-01
   4.1733796158141495e-01
   1.2589222185270879e-01
   1.1293797986109896e-02
   3.6926924973062256e-02
   3.8637791913927333e-01
   1.1298639841270692e+00
   1.8349043555253146e+00
   1.8285042219628347e+00
   7.3172903885407448e-01
  -1.1570843349332096e+00
  -2.9463951429478543e+00
  -3.6790156631903601e+00
  -2.9463951429478565e+00
  -1.1570843349332105e+00
   7.3172903885407448e-01
   1.8285042219628338e+00
   1.8349043555253133e+00
   1.1298639841270710e+00
   3.8637791913926844e-01
   3.6926924973060958e-02
  -8.8235005752649892e-02
  -8.5384159048869124e-01
  -2.1145525182212888e+00
  -2.4288505079764566e+00
  -6.4040445533654067e-01
   2.5106484799697477e+00
   4.6041294634979115e+00
   3.6337333586927847e+00
   3.7392498882692693e-15
  -3.6337333586927847e+00
  -4.6041294634979115e+00
  -2.5106484799697477e+00
   6.4040445533653823e-01
   2.4288505079764593e+00
   2.1145525182212910e+00
   8.5384159048868136e-01
   8.8235005752646811e-02
   1.7786942598205158e-01
   1.5661224007521901e+00
   3.1039252923788547e+00
   1.7710625660060548e+00
  -2.6201930443824977e+00
  -5.7124750080341213e+00
  -3.4375249331627802e+00
   2.4043356150537418e+00
   5.5185234947855388e+00
   2.4043356150537467e+00
  -3.4375249331627757e+00
  -5.7124750080341213e+00
  -2.6201930443825003e+00
   1.7710625660060670e+00
   3.1039252923788552e+00
   1.5661224007521724e+00
   1.7786942598204544e-01
  -3.2046746090157574e-01
  -2.5208255855089003e+00
  -3.6573140070293477e+00
   6.5994332230549990e-01
   6.3532342603031147e+00
   4.7928197920292961e+00
  -3.0787902722728551e+00
  -6.2392326144030283e+00
  -7.6363935856459631e-15
   6.2392326144030301e+00
   3.0787902722728591e+00
  -4.7928197920292961e+00
  -6.3532342603031164e+00
  -6.5994332230547426e-01
   3.6573140070293446e+00
   2.5208255855088764e+00
   3.2046746090156492e-01
   5.3214997941925768e-01
   3.6614418160847633e+00
   3.2703749933035762e+00
  -4.5362706242085444e+00
  -7.6580594109252207e+00
   1.2318044775398898e+00
   7.3921264402793927e+00
  -2.5731177816942225e-01
  -7.2275337185200117e+00
  -2.5731177816942996e-01
   7.3921264402793900e+00
   1.2318044775398898e+00
  -7.6580594109252189e+00
  -4.5362706242085125e+00
   3.2703749933035664e+00
   3.6614418160847344e+00
   5.3214997941923992e-01
  -8.2986164759221237e-01
  -4.8702461065051734e+00
  -1.5447079448224090e+00
   8.5170659016633330e+00
   4.4011247298149128e+00
  -7.7727349281097391e+00
  -2.5486667419718869e+00
   8.0117678368114902e+00
   1.2532287597307630e-14
  -8.0117678368115026e+00
   2.5486667419718758e+00
   7.7727349281097391e+00
  -4.4011247298148994e+00
  -8.5170659016633099e+00
   1.5447079448223875e+00
   4.8702461065051468e+00
   8.2986164759218495e-01
   1.2305894491930289e+00
   5.9705803121092424e+00
  -1.6294666289338728e+00
  -1.0644148820118756e+01
   2.6676410089196914e+00
   8.1011877377870221e+00
  -6.9883902134946370e+00
  -3.1174486141728805e+00
   8.8906241418606751e+00
  -3.1174486141728703e+00
  -6.9883902134946414e+00
   8.1011877377870221e+00
   2.6676410089197065e+00
  -1.0644148820118756e+01
  -1.6294666289339024e+00
   5.9705803121092291e+00
   1.2305894491929898e+00
  -1.7504874228199379e+00
  -6.7397511619819275e+00
   5.9389988016349102e+00
   9.2187984579390072e+00
  -9.5863502053812244e+00
  -3.1794701688856575e-01
   8.8417155622477850e+00
  -8.3568543215728646e+00
  -1.8445080565053066e-14
   8.3568543215728806e+00
  -8.8417155622477779e+00
   3.1794701688856575e-01
   9.5863502053812386e+00
  -9.2187984579390605e+00
  -5.9389988016349440e+00
   6.7397511619819372e+00
   1.7504874228198817e+00
   2.4039376378199462e+00
   6.9322411596069102e+00
  -1.0618557250388854e+01
  -3.7862037062079676e+00
   1.1400298829010170e+01
  -9.2935482503909768e+00
   1.1571164437318591e+00
   7.1231507064322424e+00
  -1.0531517291426605e+01
   7.1231507064322361e+00
   1.1571164437318739e+00
  -9.2935482503909768e+00
   1.1400298829010156e+01
  -3.7862037062080729e+00
  -1.0618557250388882e+01
   6.9322411596069591e+00
   2.4039376378198742e+00
  -3.2025800725017795e+00
  -6.3113171680717040e+00
   1.4558935864354142e+01
  -4.2878433428334688e+00
  -5.7370203093295036e+00
   1.1188261939817696e+01
  -1.1272834535059255e+01
   6.8898524675755386e+00
   2.5380063725970102e-14
  -6.8898524675755635e+00
   1.1272834535059250e+01
  -1.1188261939817696e+01
   5.7370203093294672e+00
   4.2878433428333533e+00
  -1.4558935864354140e+01
   6.3113171680718096e+00
   3.2025800725016871e+00
   4.1543460964991503e+00
   4.6856378686552986e+00
  -1.6547136349884276e+01
   1.2048043161158743e+01
  -4.8174684884246330e+00
  -2.0730571469098340e+00
   7.5201211593818531e+00
  -1.0977216267440095e+01
   1.2159810320782974e+01
  -1.0977216267440097e+01
   7.5201211593818309e+00
  -2.0730571469098340e+00
  -4.8174684884246650e+00
   1.2048043161158652e+01
  -1.6547136349884259e+01
   4.6856378686554825e+00
   4.1543460964990357e+00
  -5.2625314210202712e+00
  -1.9463184423119855e+00
   1.5590299225866861e+01
  -1.6037235813546801e+01
   1.3650368321529157e+01
  -1.0479626195513639e+01
   7.0554564990294901e+00
  -3.5423720289923053e+00
  -3.3339296910209498e-14
   3.5423720289923297e+00
  -7.0554564990295123e+00
   1.0479626195513639e+01
  -1.3650368321529157e+01
   1.6037235813546811e+01
  -1.5590299225866808e+01
   1.9463184423122526e+00
   5.2625314210201388e+00
   2.0279881989389986e-03
   5.1195173721277812e-02
   2.5963200084312338e-01
   6.8875394407419877e-01
   1.2319531158830475e+00
   1.6205663346980543e+00
   1.5701251652227797e+00
   9.7315215493696350e-01
   9.3545049680686614e-16
  -9.7315215493696317e-01
  -1.5701251652227790e+00
  -1.6205663346980543e+00
  -1.2319531158830479e+00
  -6.8875394407419666e-01
  -2.5963200084312410e-01
  -5.1195173721276882e-02
  -2.0279881989389028e-03
  -7.2154071304184747e-03
  -1.7174583920995695e-01
  -7.7611172153540464e-01
  -1.6933961073028414e+00
  -2.1547602836990261e+00
  -1.3154411459765196e+00
   8.3754961806175543e-01
   3.1802133223575302e+00
   4.1947232477244549e+00
   3.1802133223575342e+00
   8.3754961806175654e-01
  -1.3154411459765196e+00
  -2.1547602836990265e+00
  -1.6933961073028378e+00
  -7.7611172153540631e-01
  -1.7174583920995393e-01
  -7.2154071304181338e-03
   1.8691772558323216e-02
   4.1480589808090029e-01
   1.6218887188508384e+00
   2.6767498912339791e+00
   1.6285039236265921e+00
  -1.8142665256467767e+00
  -4.9090401194024720e+00
  -4.3238765612624004e+00
  -4.5851390227809354e-15
   4.3238765612624004e+00
   4.9090401194024711e+00
   1.8142665256467767e+00
  -1.6285039236265897e+00
  -2.6767498912339778e+00
  -1.6218887188508406e+00
  -4.1480589808089319e-01
  -1.8691772558322342e-02
  -4.0689913804935959e-02
  -8.3177277940095551e-01
  -2.7107053543343356e+00
  -2.8675203373685250e+00
   1.1811091542499745e+00
   5.8354958519671589e+00
   4.6140926748790765e+00
  -2.1298242985637943e+00
  -6.1148073674176331e+00
  -2.1298242985638005e+00
   4.6140926748790729e+00
   5.8354958519671589e+00
   1.1811091542499816e+00
  -2.8675203373685312e+00
  -2.7107053543343382e+00
  -8.3177277940094207e-01
  -4.0689913804934051e-02
   7.8870430630425994e-02
   1.4657287832046719e+00
   3.7829458697213028e+00
   1.4779734387615737e+00
  -5.4470708729569886e+00
  -6.4289759324557503e+00
   2.0500770018388792e+00
   6.9737206077523659e+00
   9.0297064500991484e-15
  -6.9737206077523703e+00
  -2.0500770018388841e+00
   6.4289759324557503e+00
   5.4470708729569939e+00
  -1.4779734387615937e+00
  -3.7829458697213054e+00
  -1.4657287832046511e+00
  -7.8870430630422345e-02
  -1.4042034059615374e-01
  -2.3382648368657373e+00
  -4.4222535615337710e+00
   1.7800029914270048e+00
   8.5579955789044835e+00
   1.1897376574991985e+00
  -7.9812311556382269e+00
  -5.8937852492149412e-01
   7.8651060894833522e+00
  -5.8937852492148413e-01
  -7.9812311556382225e+00
   1.1897376574991985e+00
   8.5579955789044835e+00
   1.7800029914269664e+00
  -4.4222535615337675e+00
  -2.3382648368657057e+00
  -1.4042034059614730e-01
   2.3407602712797212e-01
   3.4360563968596014e+00
   4.1400599788973205e+00
  -6.2736615737540466e+00
  -7.5956683604297348e+00
   6.6635762514111283e+00
   4.5881172223696280e+00
  -8.4340304330859812e+00
  -1.4455269257518252e-14
   8.4340304330859936e+00
  -4.5881172223696227e+00
  -6.6635762514111283e+00
   7.5956683604297224e+00
   6.2736615737539987e+00
  -4.1400599788973107e+00
  -3.4360563968595619e+00
  -2.3407602712796166e-01
  -3.7006272247585181e-01
  -4.6996901716545834e+00
  -2.5182767875460370e+00
   1.0414647585199388e+01
   1.6569443784515954e+00
  -9.9321458558764881e+00
   5.8030785918072496e+00
   4.4085833929160003e+00
  -9.5543865115900548e+00
   4.4085833929159888e+00
   5.8030785918072558e+00
  -9.9321458558764881e+00
   1.6569443784515732e+00
   1.0414647585199365e+01
  -2.5182767875460104e+00
  -4.6996901716545354e+00
  -3.7006272247583499e-01
   5.5994374125389423e-01
   6.0172356606926565e+00
  -6.2336734018353634e-01
  -1.2157007571084968e+01
   6.7100427275740335e+00
   4.1728101891653058e+00
  -1.0368763152697891e+01
   8.1877475015824448e+00
   2.0890664724337605e-14
  -8.1877475015824679e+00
   1.0368763152697882e+01
  -4.1728101891653058e+00
  -6.7100427275740540e+00
   1.2157007571084998e+01
   6.2336734018357531e-01
  -6.0172356606926094e+00
  -5.5994374125386981e-01
  -8.1637568691534246e-01
  -7.2247047007042378e+00
   5.0854878428514620e+00
   9.9070207346692154e+00
  -1.2417207222888551e+01
   6.7600581127938923e+00
   1.6763040400573099e+00
  -8.5899843328959768e+00
   1.1213691652248437e+01
  -8.5899843328959715e+00
   1.6763040400572893e+00
   6.7600581127938923e+00
  -1.2417207222888551e+01
   9.9070207346692865e+00
   5.0854878428515118e+00
  -7.2247047007042076e+00
  -8.1637568691530760e-01
   1.1527693022661667e+00
   8.1148176807330525e+00
  -1.0225887702617424e+01
  -3.4632600084614080e+00
   1.0992170789700866e+01
  -1.2856801047284506e+01
   1.0699502235619725e+01
  -5.9768101576562112e+00
  -2.8344779887764076e-14
   5.9768101576562422e+00
  -1.0699502235619725e+01
   1.2856801047284506e+01
  -1.0992170789700840e+01
   3.4632600084615239e+00
   1.0225887702617468e+01
  -8.1148176807330525e+00
  -1.1527693022661181e+00
  -1.5828592722766273e+00
  -8.4544603824747604e+00
   1.5014562155797497e+01
  -5.5024453181247628e+00
  -2.0377921366620564e+00
   7.1618026377453354e+00
  -1.0438550544021489e+01
   1.2267291395214446e+01
  -1.2855754580488910e+01
   1.2267291395214452e+01
  -1.0438550544021464e+01
   7.1618026377453354e+00
  -2.0377921366620093e+00
  -5.5024453181246216e+00
   1.5014562155797528e+01
  -8.4544603824748172e+00
  -1.5828592722765642e+00
  -3.4693392967936540e-04
  -1.9834218225986376e-02
  -1.5388082058846547e-01
  -5.3670151506584773e-01
  -1.1591173725637964e+00
  -1.7378271559713148e+00
  -1.8361420885653315e+00
  -1.1959496381423664e+00
  -1.1683772960319332e-15
   1.1959496381423664e+00
   1.8361420885653306e+00
   1.7378271559713148e+00
   1.1591173725637975e+00
   5.3670151506584551e-01
   1.5388082058846597e-01
   1.9834218225985925e-02
   3.4693392967934475e-04
   1.3267646584260756e-03
   7.1732848632786991e-02
   4.9919295689515825e-01
   1.4519378072362039e+00
   2.3068580386562649e+00
   1.8378278759913156e+00
  -4.6046043464715658e-01
  -3.3607071485236806e+00
  -4.6898431643552847e+00
  -3.3607071485236846e+00
  -4.6046043464715813e-01
   1.8378278759913156e+00
   2.3068580386562649e+00
   1.4519378072361993e+00
   4.9919295689515969e-01
   7.1732848632785381e-02
   1.3267646584259971e-03
  -3.6831737872712257e-03
  -1.8662597538355966e-01
  -1.1386488794526171e+00
  -2.5991967663984505e+00
  -2.3939853560046727e+00
   1.0060563056005838e+00
   5.0543063114419962e+00
   4.9975303392572856e+00
   5.4623535272952305e-15
  -4.9975303392572856e+00
  -5.0543063114419962e+00
  -1.0060563056005838e+00
   2.3939853560046700e+00
   2.5991967663984461e+00
   1.1386488794526199e+00
   1.8662597538355563e-01
   3.6831737872710085e-03
   8.5654976680380919e-03
   4.0288184819044998e-01
   2.0965971486481223e+00
   3.3941156817392120e+00
   2.6052237961049224e-01
  -5.5717735093660989e+00
  -5.7033487923069170e+00
   1.7723445767962080e+00
   6.6913959883896750e+00
   1.7723445767962156e+00
  -5.7033487923069144e+00
  -5.5717735093660989e+00
   2.6052237961048719e-01
   3.3941156817392111e+00
   2.0965971486481267e+00
   4.0288184819044165e-01
   8.5654976680375923e-03
  -1.7684539802921579e-02
  -7.6431072981556758e-01
  -3.2766361409093321e+00
  -3.0184663202864797e+00
   3.9980818709520247e+00
   7.6369145905666969e+00
  -8.2264505184029224e-01
  -7.6293176258997173e+00
  -1.0464307184742855e-14
   7.6293176258997253e+00
   8.2264505184029924e-01
  -7.6369145905666969e+00
  -3.9980818709520323e+00
   3.0184663202864956e+00
   3.2766361409093379e+00
   7.6431072981555270e-01
   1.7684539802920545e-02
   3.3445893780949455e-02
   1.3137259317870387e+00
   4.4274323057204592e+00
   8.0984032158214514e-01
  -8.3739282760225162e+00
  -3.6548476774801504e+00
   8.1908524886436265e+00
   1.5050233243102609e+00
  -8.4844427791016752e+00
   1.5050233243102507e+00
   8.1908524886436282e+00
  -3.6548476774801504e+00
  -8.3739282760225180e+00
   8.0984032158218078e-01
   4.4274323057204610e+00
   1.3137259317870145e+00
   3.3445893780947533e-02
  -5.9078918393165779e-02
  -2.0839442021448398e+00
  -5.1526963478925234e+00
   3.2549706870311028e+00
   9.7195891954697977e+00
  -4.7656374564356412e+00
  -6.5262023578623296e+00
   8.7102228575751202e+00
   1.6425475413504175e-14
  -8.7102228575751326e+00
   6.5262023578623225e+00
   4.7656374564356412e+00
  -9.7195891954697959e+00
  -3.2549706870310517e+00
   5.1526963478925172e+00
   2.0839442021448038e+00
   5.9078918393162330e-02
   9.8753509691257721e-02
   3.0871499845962065e+00
   4.9787099090295595e+00
  -8.2401874338770291e+00
  -5.8327083076092663e+00
   1.0704232059344090e+01
  -4.1734636181977134e+00
  -5.7091165906805559e+00
   1.0201293243439952e+01
  -5.7091165906805497e+00
  -4.1734636181977240e+00
   1.0704232059344090e+01
  -5.8327083076092432e+00
  -8.2401874338769847e+00
   4.9787099090295435e+00
   3.0871499845961572e+00
   9.8753509691252156e-02
  -1.5767607996209967e-01
  -4.3040407750453182e+00
  -3.4757462434860047e+00
   1.2342420900599528e+01
  -2.4544803129608481e+00
  -7.7226103241101818e+00
   1.1333216710736471e+01
  -7.8285614898487745e+00
  -2.3387337044483695e-14
   7.8285614898487967e+00
  -1.1333216710736462e+01
   7.7226103241101818e+00
   2.4544803129608774e+00
  -1.2342420900599498e+01
   3.4757462434859678e+00
   4.3040407750452587e+00
   1.5767607996209088e-01
   2.4215601749715132e-01
   5.6745364058035053e+00
   4.0985165655354128e-01
  -1.3482471865209682e+01
   1.0900833035941103e+01
  -3.1761978003292803e+00
  -4.5812713199478949e+00
   9.9723860690631447e+00
  -1.1880237080175370e+01
   9.9723860690631430e+00
  -4.5812713199478754e+00
  -3.1761978003292803e+00
   1.0900833035941119e+01
  -1.3482471865209694e+01
   4.0985165655349781e-01
   5.6745364058034404e+00
   2.4215601749713786e-01
  -3.5963414867394750e-01
  -7.0919804157565522e+00
   4.1152218148018171e+00
   1.0235089897836957e+01
  -1.4002339601379914e+01
   1.2789698818749324e+01
  -9.3412641795475739e+00
   4.8731975174893298e+00
   3.1363250142111494e-14
  -4.8731975174893538e+00
   9.3412641795475864e+00
  -1.2789698818749324e+01
   1.4002339601379887e+01
  -1.0235089897837062e+01
  -4.1152218148018731e+00
   7.0919804157564927e+00
   3.5963414867392812e-01
   5.7384450773528813e-05
   7.4296311877669156e-03
   8.8181375531350525e-02
   4.0435949535699606e-01
   1.0544518467872757e+00
   1.8018243354739734e+00
   2.0760815040352747e+00
   1.4210558177745958e+00
   1.4109496315410708e-15
  -1.4210558177745958e+00
  -2.0760815040352742e+00
  -1.8018243354739734e+00
  -1.0544518467872761e+00
  -4.0435949535699406e-01
  -8.8181375531350886e-02
  -7.4296311877667092e-03
  -5.7384450773524713e-05
  -2.3373215456088227e-04
  -2.8679286519568335e-02
  -3.0675123147398947e-01
  -1.1843300226018356e+00
  -2.3233988075496446e+00
  -2.2828917779706348e+00
   4.5573904928614357e-02
   3.4944584850992713e+00
   5.1679554634182940e+00
   3.4944584850992757e+00
   4.5573904928616307e-02
  -2.2828917779706348e+00
  -2.3233988075496455e+00
  -1.1843300226018310e+00
  -3.0675123147399058e-01
  -2.8679286519567557e-02
  -2.3373215456086563e-04
   6.8935178253838158e-04
   7.9559102349167896e-02
   7.5274702370112079e-01
   2.3344864063978670e+00
   2.9223997901130954e+00
  -1.5544260490108877e-01
  -5.0563629628740285e+00
  -5.6511139080835369e+00
  -6.3679425770068490e-15
   5.6511139080835395e+00
   5.0563629628740294e+00
   1.5544260490108877e-01
  -2.9223997901130936e+00
  -2.3344864063978603e+00
  -7.5274702370112334e-01
  -7.9559102349165828e-02
  -6.8935178253833279e-04
  -1.6989618392509759e-03
  -1.8298054428375260e-01
  -1.4987207367792794e+00
  -3.4785516253118924e+00
  -1.5506886969899281e+00
   4.9994050946749100e+00
   6.6777953335703861e+00
  -1.3432971992949858e+00
  -7.2512695253316748e+00
  -1.3432971992949954e+00
   6.6777953335703799e+00
   4.9994050946749100e+00
  -1.5506886969899223e+00
  -3.4785516253118876e+00
  -1.4987207367792839e+00
  -1.8298054428374796e-01
  -1.6989618392508558e-03
   3.7085673387713064e-03
   3.6965219407342320e-01
   2.5537632255391332e+00
   3.9131170457892641e+00
  -2.2925337096561407e+00
  -8.3846328847879228e+00
  -5.4070384716145037e-01
   8.2046448423828888e+00
   1.1937113727760403e-14
  -8.2046448423828977e+00
   5.4070384716144493e-01
   8.3846328847879228e+00
   2.2925337096561487e+00
  -3.9131170457892690e+00
  -2.5537632255391398e+00
  -3.6965219407341404e-01
  -3.7085673387710458e-03
  -7.3990593468601460e-03
  -6.7655923900819581e-01
  -3.8159816424609714e+00
  -2.8355001199010923e+00
   7.3374814630727956e+00
   5.9573785278913043e+00
  -8.0377398741384454e+00
  -2.4728600617418421e+00
   9.0880343378486153e+00
  -2.4728600617418319e+00
  -8.0377398741384471e+00
   5.9573785278913043e+00
   7.3374814630728089e+00
  -2.8355001199011185e+00
  -3.8159816424609758e+00
  -6.7655923900817994e-01
  -7.3990593468596230e-03
   1.3759559004692964e-02
   1.1433753348058235e+00
   5.0419989845192212e+00
  -2.4152004387521805e-01
  -1.0658846464579756e+01
   2.3243820473940966e+00
   8.2767049128491141e+00
  -8.8455795925176179e+00
  -1.8440047006255363e-14
   8.8455795925176375e+00
  -8.2767049128491035e+00
  -2.3243820473940966e+00
   1.0658846464579753e+01
   2.4152004387516687e-01
  -5.0419989845192239e+00
  -1.1433753348057978e+00
  -1.3759559004692012e-02
  -2.4168880350212450e-02
  -1.8067007582224603e+00
  -5.8527581776559172e+00
   5.0542657492098702e+00
   9.2506371074213778e+00
  -1.0422879612150711e+01
   2.2083464362079166e+00
   6.9990265811235330e+00
  -1.0833455363222114e+01
   6.9990265811235277e+00
   2.2083464362079308e+00
  -1.0422879612150711e+01
   9.2506371074213565e+00
   5.0542657492098026e+00
  -5.8527581776559066e+00
  -1.8067007582224226e+00
  -2.4168880350210795e-02
   4.0482662756656053e-02
   2.6923786829974059e+00
   5.7885343115436587e+00
  -1.0375516252117352e+01
  -2.3072013360481485e+00
   1.0596764105500473e+01
  -1.1710950559585294e+01
   7.2948107851688491e+00
   2.5932539518128585e-14
  -7.2948107851688775e+00
   1.1710950559585285e+01
  -1.0596764105500473e+01
   2.3072013360481196e+00
   1.0375516252117288e+01
  -5.7885343115436418e+00
  -2.6923786829973526e+00
  -4.0482662756653284e-02
  -6.5122957884095944e-02
  -3.8065493438001021e+00
  -4.4132529720362417e+00
   1.4227640788113790e+01
  -7.3953838187537269e+00
  -9.6340213470219449e-01
   7.3847659908214975e+00
  -1.1251636583895886e+01
   1.2532964458038954e+01
  -1.1251636583895886e+01
   7.3847659908214682e+00
  -9.6340213470219449e-01
  -7.3953838187537508e+00
   1.4227640788113771e+01
  -4.4132529720362106e+00
  -3.8065493438000364e+00
  -6.5122957884091587e-02
  -9.2591196957673686e-06
  -2.7148600012065374e-03
  -4.9294363077767488e-02
  -2.9718746364695758e-01
  -9.3573764928150260e-01
  -1.8224110164478213e+00
  -2.2898684209231752e+00
  -1.6471661060978786e+00
  -1.6621412466486159e-15
   1.6471661060978788e+00
   2.2898684209231743e+00
   1.8224110164478213e+00
   9.3573764928150327e-01
   2.9718746364695586e-01
   4.9294363077767717e-02
   2.7148600012064502e-03
   9.2591196957665944e-06
   3.9883652526116762e-05
   1.1100394821726197e-02
   1.8226537245391039e-01
   9.3173319158983292e-01
   2.2425795308780030e+00
   2.6449763589935689e+00
   3.9172001235878173e-01
  -3.5866662221320595e+00
  -5.6316489024398129e+00
  -3.5866662221320653e+00
   3.9172001235878007e-01
   2.6449763589935689e+00
   2.2425795308780043e+00
   9.3173319158982815e-01
   1.8226537245391125e-01
   1.1100394821725847e-02
   3.9883652526113442e-05
  -1.2414098548793633e-04
  -3.2584915141621422e-02
  -4.7633749736388942e-01
  -1.9873629543583107e+00
  -3.2322322999359181e+00
  -6.8581896727760416e-01
   4.9321367755246088e+00
   6.2819235225611507e+00
   7.2995177418723988e-15
  -6.2819235225611552e+00
  -4.9321367755246097e+00
   6.8581896727760416e-01
   3.2322322999359181e+00
   1.9873629543583031e+00
   4.7633749736389147e-01
   3.2584915141620423e-02
   1.2414098548792601e-04
   3.2223027234185063e-04
   7.9233901076670485e-02
   1.0130816648845031e+00
   3.2702555301608007e+00
   2.6074654891699875e+00
  -4.1977483553264623e+00
  -7.5198092875980791e+00
   8.5238977744844324e-01
   7.7966648600971560e+00
   8.5238977744845246e-01
  -7.5198092875980782e+00
  -4.1977483553264623e+00
   2.6074654891699840e+00
   3.2702555301607896e+00
   1.0130816648845071e+00
   7.9233901076668084e-02
   3.2223027234182402e-04
  -7.3934836935556059e-04
  -1.6912063567143373e-01
  -1.8527460467780685e+00
  -4.2552964483277078e+00
   5.5687021911044143e-01
   8.6833952539635515e+00
   1.9845489726299295e+00
  -8.6992517098700439e+00
  -1.3445499950954701e-14
   8.6992517098700528e+00
  -1.9845489726299250e+00
  -8.6833952539635515e+00
  -5.5687021911045198e-01
   4.2552964483277069e+00
   1.8527460467780736e+00
   1.6912063567142882e-01
   7.3934836935549923e-04
   1.5476914795372054e-03
   3.2692305710345071e-01
   2.9938278562016811e+00
   4.1707550501007855e+00
  -5.7262484171242463e+00
  -7.9508129400098042e+00
   7.5500435224345193e+00
   3.4783782295898424e+00
  -9.6777965185670354e+00
   3.4783782295898322e+00
   7.5500435224345237e+00
  -7.9508129400098042e+00
  -5.7262484171242587e+00
   4.1707550501008068e+00
   2.9938278562016878e+00
   3.2692305710344127e-01
   1.5476914795370788e-03
  -3.0146625953788174e-03
  -5.8351037379464665e-01
  -4.3314790011015534e+00
  -2.2855474569182870e+00
   1.0501342222922785e+01
   4.1684325228749286e-01
  -9.7757620184139391e+00
   8.8460471189310184e+00
   2.0496450707428927e-14
  -8.8460471189310379e+00
   9.7757620184139231e+00
  -4.1684325228749286e-01
  -1.0501342222922791e+01
   2.2855474569183256e+00
   4.3314790011015578e+00
   5.8351037379463067e-01
   3.0146625953785728e-03
   5.5377706462819264e-03
   9.7413566207320723e-01
   5.6299401573513110e+00
  -1.6708865313118955e+00
  -1.1573732642136203e+01
   9.1933339443494866e+00
  -1.5331052449539586e-02
  -8.2613090497282720e+00
   1.1452529623734009e+01
  -8.2613090497282684e+00
  -1.5331052449554057e-02
   9.1933339443494866e+00
  -1.1573732642136193e+01
  -1.6708865313118353e+00
   5.6299401573513155e+00
   9.7413566207318159e-01
   5.5377706462814780e-03
  -9.6864378561927773e-03
  -1.5349657750564711e+00
  -6.5253813692496845e+00
   7.1357361086692421e+00
   6.8266245227121427e+00
  -1.2559243391289199e+01
   1.1510575439011198e+01
  -6.6020927856136096e+00
  -2.8523934879121865e-14
   6.6020927856136327e+00
  -1.1510575439011202e+01
   1.2559243391289199e+01
  -6.8266245227121063e+00
  -7.1357361086691649e+00
   6.5253813692496818e+00
   1.5349657750564334e+00
   9.6864378561920088e-03
   1.4658239775227613e-06
   9.7333933896485275e-04
   2.7036738720611544e-02
   2.1430385289804474e-01
   8.1473825675285449e-01
   1.8084931574300911e+00
   2.4780685188681533e+00
   1.8732697127053677e+00
   1.9211487704536955e-15
  -1.8732697127053681e+00
  -2.4780685188681524e+00
  -1.8084931574300911e+00
  -8.1473825675285549e-01
  -2.1430385289804327e-01
  -2.7036738720611700e-02
  -9.7333933896481698e-04
  -1.4658239775226215e-06
  -6.6398073305371108e-06
  -4.1902354937948015e-03
  -1.0553811376202152e-01
  -7.1314977510333122e-01
  -2.0975341989498801e+00
  -2.9249651833433359e+00
  -8.3932323441773182e-01
   3.6415937650164061e+00
   6.0828760401976085e+00
   3.6415937650164136e+00
  -8.3932323441772871e-01
  -2.9249651833433359e+00
  -2.0975341989498819e+00
  -7.1314977510332689e-01
  -1.0553811376202211e-01
  -4.1902354937946506e-03
  -6.6398073305364781e-06
   2.1695112397587248e-05
   1.2938721903681793e-02
   2.9154136772799905e-01
   1.6266015550416661e+00
   3.3577572519612926e+00
   1.4808708997650848e+00
  -4.6983420322469396e+00
  -6.8879130926116900e+00
  -8.2551047069777858e-15
   6.8879130926116945e+00
   4.6983420322469422e+00
  -1.4808708997650848e+00
  -3.3577572519612922e+00
  -1.6266015550416568e+00
  -2.9154136772800043e-01
  -1.2938721903681331e-02
  -2.1695112397585188e-05
  -5.9013979193784608e-05
  -3.3067172488864274e-02
  -6.5665061205152286e-01
  -2.8991397593313706e+00
  -3.4014786234438050e+00
   3.2408371539491641e+00
   8.2193121285039279e+00
  -3.0805368845852726e-01
  -8.3293210543098297e+00
  -3.0805368845853759e-01
   8.2193121285039261e+00
   3.2408371539491641e+00
  -3.4014786234438050e+00
  -2.8991397593313604e+00
  -6.5665061205152553e-01
  -3.3067172488863122e-02
  -5.9013979193778984e-05
   1.4166712492367993e-04
   7.4130606894387871e-02
   1.2754850615687405e+00
   4.1907131777452538e+00
   1.0497425904621738e+00
  -8.5726897174818983e+00
  -3.4608224300594546e+00
   9.1134197535902839e+00
   1.4987206339552106e-14
  -9.1134197535902963e+00
   3.4608224300594426e+00
   8.5726897174818983e+00
  -1.0497425904621631e+00
  -4.1907131777452502e+00
  -1.2754850615687447e+00
  -7.4130606894385331e-02
  -1.4166712492366660e-04
  -3.0978916578601039e-04
  -1.5043448068631002e-01
  -2.1988232050927761e+00
  -4.8592609914303440e+00
   3.8063922796296463e+00
   9.5424807552272100e+00
  -6.7632767275505854e+00
  -4.5088969522652214e+00
   1.0255248325257654e+01
  -4.5088969522652134e+00
  -6.7632767275505872e+00
   9.5424807552272100e+00
   3.8063922796296619e+00
  -4.8592609914303475e+00
  -2.1988232050927814e+00
  -1.5043448068630505e-01
  -3.0978916578598150e-04
   6.2944263507320498e-04
   2.8179409455726551e-01
   3.4174762599814508e+00
   4.1147933506593519e+00
  -9.4515672153044878e+00
  -3.2380857293029837e+00
   1.0979051571877280e+01
  -8.7181080984530475e+00
  -2.2592436801849489e-14
   8.7181080984530723e+00
  -1.0979051571877269e+01
   3.2380857293029837e+00
   9.4515672153044985e+00
  -4.1147933506593715e+00
  -3.4174762599814601e+00
  -2.8179409455725640e-01
  -6.2944263507314600e-04
  -1.2044946525385011e-03
  -4.9371016164542875e-01
  -4.8252621022628039e+00
  -1.3487812513420510e+00
   1.2698231944793816e+01
  -7.1835301186980480e+00
  -2.3036341971486616e+00
   9.4815098852513469e+00
  -1.2059850672654674e+01
   9.4815098852513451e+00
  -2.3036341971486367e+00
  -7.1835301186980480e+00
   1.2698231944793800e+01
  -1.3487812513421100e+00
  -4.8252621022628137e+00
  -4.9371016164541326e-01
  -1.2044946525383903e-03
  -2.2858778231738490e-07
  -3.4374800276810075e-04
  -1.4607315794722171e-02
  -1.5222589724124869e-01
  -6.9878115629568205e-01
  -1.7678543337716968e+00
  -2.6416493108464474e+00
  -2.0985643719703373e+00
  -2.1873240961025371e-15
   2.0985643719703377e+00
   2.6416493108464461e+00
   1.7678543337716968e+00
   6.9878115629568305e-01
   1.5222589724124755e-01
   1.4607315794722261e-02
   3.4374800276808654e-04
   2.2858778231736039e-07
   1.0838604910395192e-06
   1.5505585334384597e-03
   5.9872374852176335e-02
   5.3418371754732052e-01
   1.9148517496264481e+00
   3.1277426034325782e+00
   1.2877010671193214e+00
  -3.6628350864907393e+00
  -6.5231578287261822e+00
  -3.6628350864907460e+00
   1.2877010671193199e+00
   3.1277426034325782e+00
   1.9148517496264492e+00
   5.3418371754731686e-01
   5.9872374852176675e-02
   1.5505585334383964e-03
   1.0838604910394030e-06
  -3.7014832979337225e-06
  -5.0123333122592826e-03
  -1.7380420758315876e-01
  -1.2916901721506160e+00
  -3.3383191990849124e+00
  -2.2050092052070611e+00
   4.3710432047770960e+00
   7.4675420507382544e+00
   9.2330424094050413e-15
  -7.4675420507382597e+00
  -4.3710432047770960e+00
   2.2050092052070611e+00
   3.3383191990849155e+00
   1.2916901721506087e+00
   1.7380420758315962e-01
   5.0123333122590787e-03
   3.7014832979333248e-06
   1.0508302913654294e-05
   1.3400039625851453e-02
   4.1188609854904296e-01
   2.4619490452580637e+00
   3.9382247188237267e+00
  -2.1939303970718571e+00
  -8.7720126356447459e+00
  -2.8228400099677881e-01
   8.8506273952448780e+00
  -2.8228400099676770e-01
  -8.7720126356447405e+00
  -2.1939303970718571e+00
   3.9382247188237245e+00
   2.4619490452580544e+00
   4.1188609854904490e-01
   1.3400039625850922e-02
   1.0508302913653174e-05
  -2.6290965015163306e-05
  -3.1403552064687250e-02
  -8.4337978895594268e-01
  -3.8651582658961821e+00
  -2.4295632677348986e+00
   8.1086527696087671e+00
   4.9285372180637417e+00
  -9.4480096092393051e+00
  -1.6560269950836055e-14
   9.4480096092393229e+00
  -4.9285372180637266e+00
  -8.1086527696087671e+00
   2.4295632677348888e+00
   3.8651582658961692e+00
   8.4337978895594590e-01
   3.1403552064686029e-02
   2.6290965015160521e-05
   5.9840046150978048e-05
   6.6584277105914358e-02
   1.5369860065066629e+00
   5.0277653520538834e+00
  -1.8021120010632719e+00
  -1.0685191963351267e+01
   5.7172786858534170e+00
   5.5532650983364098e+00
  -1.0821623309642968e+01
   5.5532650983364027e+00
   5.7172786858534215e+00
  -1.0685191963351267e+01
  -1.8021120010632841e+00
   5.0277653520538763e+00
   1.5369860065066696e+00
   6.6584277105911832e-02
   5.9840046150971712e-05
  -1.2639577252577248e-04
  -1.3026760857544784e-01
  -2.5359644652139326e+00
  -5.2270490233104283e+00
   7.7626934518161477e+00
   5.9544370219019020e+00
  -1.1859054763119255e+01
   8.4686345620497256e+00
   2.4725999268256856e-14
  -8.4686345620497487e+00
   1.1859054763119245e+01
  -5.9544370219019020e+00
  -7.7626934518161566e+00
   5.2270490233104434e+00
   2.5359644652139415e+00
   1.3026760857544303e-01
   1.2639577252575920e-04
   3.5214159720901802e-08
   1.1992485811489782e-04
   7.7961404644157689e-03
   1.0681696362440452e-01
   5.9204863381846617e-01
   1.7071402725717586e+00
   2.7818271269963200e+00
   2.3224020280359103e+00
   2.4601319430590180e-15
  -2.3224020280359117e+00
  -2.7818271269963195e+00
  -1.7071402725717586e+00
  -5.9204863381846684e-01
  -1.0681696362440363e-01
  -7.7961404644158192e-03
  -1.1992485811489231e-04
  -3.5214159720897600e-08
  -1.7410827366494079e-07
  -5.6453115092105143e-04
  -3.3405806124751164e-02
  -3.9321268595564762e-01
  -1.7146635834012649e+00
  -3.2604765857785005e+00
  -1.7293585581328561e+00
   3.6534838239581995e+00
   6.9537096099256503e+00
   3.6534838239582075e+00
  -1.7293585581328546e+00
  -3.2604765857785005e+00
  -1.7146635834012665e+00
  -3.9321268595564468e-01
  -3.3405806124751372e-02
  -5.6453115092102574e-04
  -1.7410827366491999e-07
   6.1921601103406374e-07
   1.9029604230892101e-03
   1.0142963788436465e-01
   1.0013969802419322e+00
   3.2121069797035529e+00
   2.8431760556055026e+00
  -3.9653897536096965e+00
  -8.0196665364135065e+00
  -1.0231912399540909e-14
   8.0196665364135153e+00
   3.9653897536096987e+00
  -2.8431760556055026e+00
  -3.2121069797035546e+00
  -1.0013969802419260e+00
  -1.0142963788436528e-01
  -1.9029604230891245e-03
  -6.1921601103399015e-07
  -1.8284185626317503e-06
  -5.3012177131050997e-03
  -2.5162537047437078e-01
  -2.0226373996628704e+00
  -4.2439367368784700e+00
   1.1120518726558748e+00
   9.1780470959223095e+00
   9.1201265715302415e-01
  -9.3617180676011529e+00
   9.1201265715301383e-01
   9.1780470959223006e+00
   1.1120518726558748e+00
  -4.2439367368784682e+00
  -2.0226373996628588e+00
  -2.5162537047437206e-01
  -5.3012177131048655e-03
  -1.8284185626315339e-06
   4.7523251186638113e-06
   1.2937683577949905e-02
   5.4004369938591190e-01
   3.3998828183690715e+00
   3.5347349545620896e+00
  -7.3554466505963889e+00
  -6.3533647767353383e+00
   9.7043413372358263e+00
   1.8162970038843726e-14
  -9.7043413372358440e+00
   6.3533647767353223e+00
   7.3554466505963889e+00
  -3.5347349545620834e+00
  -3.3998828183690555e+00
  -5.4004369938591490e-01
  -1.2937683577949340e-02
  -4.7523251186632472e-06
  -1.1224174734096920e-05
  -2.8551603785545488e-02
  -1.0335278574331224e+00
  -4.8264773630730815e+00
  -1.1626117379126451e-01
   1.1368115568765985e+01
  -4.4539253717828622e+00
  -6.6016378333628563e+00
   1.1377942733947069e+01
  -6.6016378333628500e+00
  -4.4539253717828746e+00
   1.1368115568765985e+01
  -1.1626117379124892e-01
  -4.8264773630730691e+00
  -1.0335278574331273e+00
  -2.8551603785544267e-02
  -1.1224174734095604e-05
  -5.3701859846792816e-09
  -4.1417694912827992e-05
  -4.1190453530075685e-03
  -7.4199263793223030e-02
  -4.9657089733893250e-01
  -1.6319228357892077e+00
  -2.8999652541595502e+00
  -2.5442523851716072e+00
  -2.7391218001892330e-15
   2.5442523851716086e+00
   2.8999652541595493e+00
   1.6319228357892077e+00
   4.9657089733893323e-01
   7.4199263793222350e-02
   4.1190453530075988e-03
   4.1417694912825884e-05
   5.3701859846785752e-09
   2.7597280795104731e-08
   2.0278229868458757e-04
   1.8383650952749471e-02
   2.8531118354068863e-01
   1.5114309629175744e+00
   3.3314576366257547e+00
   2.1584476480969879e+00
  -3.6162464951519437e+00
  -7.3755228293707331e+00
  -3.6162464951519535e+00
   2.1584476480969839e+00
   3.3314576366257547e+00
   1.5114309629175757e+00
   2.8531118354068624e-01
   1.8383650952749599e-02
   2.0278229868457738e-04
   2.7597280795101101e-08
  -1.0190022198544544e-07
  -7.1044263172115188e-04
  -5.8158516551603465e-02
  -7.6129726725626379e-01
  -3.0129223300506811e+00
  -3.3877737668951688e+00
   3.4954645779074114e+00
   8.5434593531820848e+00
   1.1250488006739911e-14
  -8.5434593531820937e+00
  -3.4954645779074154e+00
   3.3877737668951688e+00
   3.0129223300506824e+00
   7.6129726725625779e-01
   5.8158516551603819e-02
   7.1044263172111654e-04
   1.0190022198543211e-07
   3.1204843274649159e-07
   2.0556497811428311e-03
   1.5041502392374814e-01
   1.6184774665735286e+00
   4.3551779716621741e+00
  -3.9773558998800834e-02
  -9.4409092359115903e+00
  -1.5752022637330776e+00
   9.8635355472831030e+00
  -1.5752022637330672e+00
  -9.4409092359115832e+00
  -3.9773558998800834e-02
   4.3551779716621732e+00
   1.6184774665735182e+00
   1.5041502392374909e-01
   2.0556497811427300e-03
   3.1204843274645077e-07
  -8.4025928346262729e-07
  -5.2077746249094550e-03
  -3.3685305856856967e-01
  -2.8842098557249662e+00
  -4.3544475247879584e+00
   6.3790617766894187e+00
   7.7071264323255644e+00
  -9.8840999119117541e+00
  -1.9793785710006836e-14
   9.8840999119117718e+00
  -7.7071264323255475e+00
  -6.3790617766894187e+00
   4.3544475247879477e+00
   2.8842098557249507e+00
   3.3685305856857173e-01
   5.2077746249092017e-03
   8.4025928346251803e-07
   8.1201807012352478e-10
   1.4182964181866847e-05
   2.1578331579884692e-03
   5.1104993084797379e-02
   4.1296145084336844e-01
   1.5468008479284570e+00
   2.9975043432208235e+00
   2.7636774093386478e+00
   3.0239085903770926e-15
  -2.7636774093386496e+00
  -2.9975043432208217e+00
  -1.5468008479284570e+00
  -4.1296145084336916e-01
  -5.1104993084796886e-02
  -2.1578331579884869e-03
  -1.4182964181866062e-05
  -8.1201807012340836e-10
  -4.3252686146672749e-09
  -7.2015696567512635e-05
  -9.9999661869225129e-03
  -2.0453579009743256e-01
  -1.3149681465475196e+00
  -3.3493222564543514e+00
  -2.5704630317770354e+00
   3.5535215404132030e+00
   7.7894202736554492e+00
   3.5535215404132137e+00
  -2.5704630317770296e+00
  -3.3493222564543514e+00
  -1.3149681465475218e+00
  -2.0453579009743059e-01
  -9.9999661869225893e-03
  -7.2015696567508664e-05
  -4.3252686146666553e-09
   1.6537242213131951e-08
   2.6149491838644824e-04
   3.2856394700055629e-02
   5.6942103552998291e-01
   2.7688505102709464e+00
   3.8368180213779239e+00
  -2.9742087048216503e+00
  -9.0383496267384835e+00
  -1.2287696857058587e-14
   9.0383496267384942e+00
   2.9742087048216548e+00
  -3.8368180213779239e+00
  -2.7688505102709486e+00
  -5.6942103552997814e-01
  -3.2856394700055878e-02
  -2.6149491838643399e-04
  -1.6537242213129585e-08
  -5.2388557570121791e-08
  -7.8372375859903250e-04
  -8.8289929229557654e-02
  -1.2674466854796180e+00
  -4.3117056182145772e+00
  -9.8825384499898183e-01
   9.5665991447265810e+00
   2.2665015949494061e+00
  -1.0356874659378100e+01
   2.2665015949493963e+00
   9.5665991447265757e+00
  -9.8825384499898183e-01
  -4.3117056182145754e+00
  -1.2674466854796085e+00
  -8.8289929229558334e-02
  -7.8372375859899011e-04
  -5.2388557570114333e-08
  -1.2189598839882048e-10
  -4.8216473102652607e-06
  -1.1222419611440352e-03
  -3.4944145402526994e-02
  -3.4094561963339048e-01
  -1.4555144977620129e+00
  -3.0759140789446482e+00
  -2.9803128760325825e+00
  -3.3141588864649482e-15
   2.9803128760325848e+00
   3.0759140789446469e+00
   1.4555144977620129e+00
   3.4094561963339115e-01
   3.4944145402526598e-02
   1.1222419611440447e-03
   4.8216473102649718e-06
   1.2189598839880156e-10
   6.7137372119015517e-10
   2.5327568916159195e-05
   5.3858938323351748e-03
   1.4513041507240071e-01
   1.1314643685172290e+00
   3.3225454187345527e+00
   2.9620011091137806e+00
  -3.4674564442816864e+00
  -8.1960947019834460e+00
  -3.4674564442816966e+00
   2.9620011091137752e+00
   3.3225454187345527e+00
   1.1314643685172301e+00
   1.4513041507239918e-01
   5.3858938323352234e-03
   2.5327568916157677e-05
   6.7137372119005105e-10
  -2.6519300269514212e-09
  -9.5085603098724378e-05
  -1.8328592422836149e-02
  -4.2008472852578832e-01
  -2.5020711878114916e+00
  -4.1924145453020545e+00
   2.4133975831961116e+00
   9.5039763336344034e+00
   1.3342592636460679e-14
  -9.5039763336344141e+00
  -2.4133975831961174e+00
   4.1924145453020545e+00
   2.5020711878114934e+00
   4.2008472852578438e-01
   1.8328592422836305e-02
   9.5085603098718740e-05
   2.6519300269510105e-09
   1.8184104094908580e-11
   1.6289308551665796e-06
   5.8000791512905164e-04
   2.3744568952123766e-02
   2.7973028869976052e-01
   1.3610605493703174e+00
   3.1366593460233938e+00
   3.1938546360827322e+00
   3.6095808037895028e-15
  -3.1938546360827349e+00
  -3.1366593460233929e+00
  -1.3610605493703174e+00
  -2.7973028869976108e-01
  -2.3744568952123485e-02
  -5.8000791512905739e-04
  -1.6289308551664739e-06
  -1.8184104094905540e-11
  -1.0334335301418463e-10
  -8.8328048211946244e-06
  -2.8760382635438127e-03
  -1.0207116198428634e-01
  -9.6439492068299770e-01
  -3.2591220494186324e+00
  -3.3305655328226478e+00
   3.3599902301489251e+00
   8.5961366438807403e+00
   3.3599902301489353e+00
  -3.3305655328226438e+00
  -3.2591220494186324e+00
  -9.6439492068299937e-01
  -1.0207116198428520e-01
  -2.8760382635438404e-03
  -8.8328048211940586e-06
  -1.0334335301416739e-10
  -2.6978740196328463e-12
  -5.4731471062894709e-07
  -2.9813200360386406e-04
  -1.6046540540635309e-02
  -2.2825543819915567e-01
  -1.2658015347974554e+00
  -3.1811765451268821e+00
  -3.4040481475231630e+00
  -3.9099164099496873e-15
   3.4040481475231665e+00
   3.1811765451268812e+00
   1.2658015347974554e+00
   2.2825543819915614e-01
   1.6046540540635104e-02
   2.9813200360386720e-04
   5.4731471062890919e-07
   2.6978740196323636e-12
