   0.0000000000000000e+00
   0.0000000000000000e+00
   0.0000000000000000e+00
   0.0000000000000000e+00
   0.0000000000000000e+00
   0.0000000000000000e+00
   0.0000000000000000e+00
   0.0000000000000000e+00
   0.0000000000000000e+00
   1.1857492880222176e+00
   1.0239248110221282e+00
   7.5122351645815932e-01
   3.9712771734498037e-01
  -7.4993994326092320e-17
  -3.9712771734498031e-01
  -7.5122351645815977e-01
  -1.0239248110221277e+00
  -1.1857492880222171e+00
  -4.1489169803657608e+00
  -1.8873865656111362e+00
   1.1742373584636565e+00
   3.7459681898067609e+00
   4.7434164902525682e+00
   3.7459681898067614e+00
   1.1742373584636556e+00
  -1.8873865656111319e+00
  -4.1489169803657644e+00
   8.3137297087675748e+00
  -1.2100743613056792e+00
  -9.2202067754591290e+00
  -8.5742124084412072e+00
   1.8901611061652376e-15
   8.5742124084412037e+00
   9.2202067754591326e+00
   1.2100743613056886e+00
  -8.3137297087675854e+00
  -1.2158608089782627e+01
   1.1629095420228431e+01
   1.6943012644214651e+01
  -2.4964640875009323e+00
  -1.5909902576697315e+01
  -2.4964640875009381e+00
   1.6943012644214658e+01
   1.1629095420228442e+01
  -1.2158608089782659e+01
   1.3403596886092634e+01
  -2.8571726151385029e+01
  -9.5535332847872017e+00
   2.4115095338799399e+01
  -7.8083895356814314e-15
  -2.4115095338799399e+01
   9.5535332847872354e+00
   2.8571726151385036e+01
  -1.3403596886092688e+01
  -9.3303865958289531e+00
   4.5023563623732606e+01
  -1.8914138708738609e+01
  -1.7357782502695670e+01
   3.3462315557952657e+01
  -1.7357782502695645e+01
  -1.8914138708738584e+01
   4.5023563623732585e+01
  -9.3303865958290970e+00
  -2.7873626792679969e+00
  -4.9279318498397181e+01
   4.9645204235591017e+01
  -2.9745341207466559e+01
   2.0175403952715545e-14
   2.9745341207466570e+01
  -4.9645204235591038e+01
   4.9279318498397032e+01
   2.7873626792677970e+00
   2.5189942947899485e+01
   3.0223717856387765e+01
  -4.7183465904004045e+01
   5.5010747886786362e+01
  -5.7398432714883427e+01
   5.5010747886786348e+01
  -4.7183465904004130e+01
   3.0223717856387594e+01
   2.5189942947899180e+01
   2.1679324938153047e-01
   4.7517259042020682e-01
   6.8398217386136539e-01
   8.1923426933825416e-01
   8.6602540378443893e-01
   8.1923426933825416e-01
   6.8398217386136539e-01
   4.7517259042020715e-01
   2.1679324938153002e-01
  -1.8773186357200415e+00
  -3.5531931134263441e+00
  -3.7524362420511368e+00
  -2.3759520647459542e+00
   4.7430366580839189e-16
   2.3759520647459542e+00
   3.7524362420511372e+00
   3.5531931134263441e+00
   1.8773186357200382e+00
   6.3230478200452795e+00
   9.0908652047415419e+00
   3.7941199545096564e+00
  -4.8038423095440050e+00
  -8.9110184603108067e+00
  -4.8038423095440068e+00
   3.7941199545096622e+00
   9.0908652047415295e+00
   6.3230478200452715e+00
  -1.4652296467056862e+01
  -1.3208760988614923e+01
   6.8148792282415132e+00
   1.5358742374290406e+01
  -3.9210816297221426e-15
  -1.5358742374290406e+01
  -6.8148792282415060e+00
   1.3208760988614907e+01
   1.4652296467056850e+01
   2.7322299428244531e+01
   9.3715784547719867e+00
  -2.4666404922134639e+01
  -3.7512490062458137e+00
   2.3281984048830541e+01
  -3.7512490062458093e+00
  -2.4666404922134657e+01
   9.3715784547719370e+00
   2.7322299428244488e+01
  -4.3851413565917674e+01
   7.7824781211230443e+00
   3.0386331950870954e+01
  -2.9544619378145860e+01
   1.2646553703397803e-14
   2.9544619378145853e+01
  -3.0386331950870986e+01
  -7.7824781211231100e+00
   4.3851413565917674e+01
   6.2648074262836836e+01
  -3.7702913819521335e+01
  -4.6775123054791408e+00
   3.3720679770897668e+01
  -4.4029866572482661e+01
   3.3720679770897661e+01
  -4.6775123054791861e+00
  -3.7702913819521363e+01
   6.2648074262836801e+01
  -8.0997983964009649e+01
   7.1069550881631585e+01
  -4.5418226158289329e+01
   2.2205338980622717e+01
  -2.8994303582929283e-14
  -2.2205338980622727e+01
   4.5418226158289322e+01
  -7.1069550881631613e+01
   8.0997983964009748e+01
   1.6937882645108147e+00
   7.7052233885520804e-01
  -4.7938039419159006e-01
  -1.5292851096206219e+00
  -1.9364916731037083e+00
  -1.5292851096206221e+00
  -4.7938039419158973e-01
   7.7052233885520638e-01
   1.6937882645108160e+00
  -3.5615482677134267e+00
   1.5194619835044494e+00
   5.6786339229938410e+00
   5.0285504354752169e+00
  -1.0980283524483826e-15
  -5.0285504354752151e+00
  -5.6786339229938427e+00
  -1.5194619835044536e+00
   3.5615482677134329e+00
   4.7560516168157809e+00
  -8.6894695703349782e+00
  -9.8853908772578443e+00
   4.2277020317848244e+00
   1.3416407864998734e+01
   4.2277020317848288e+00
  -9.8853908772578478e+00
  -8.6894695703349853e+00
   4.7560516168157987e+00
  -3.7451014229014841e+00
   1.9389524351676449e+01
   1.3072462080357177e+00
  -2.1675513815734043e+01
   6.5031215254346446e-15
   2.1675513815734046e+01
  -1.3072462080357403e+00
  -1.9389524351676446e+01
   3.7451014229015192e+00
  -1.2203285847530096e+00
  -2.7558547159226084e+01
   2.3248173935025662e+01
   1.2860621505796086e+01
  -3.1023082384331190e+01
   1.2860621505796068e+01
   2.3248173935025644e+01
  -2.7558547159226066e+01
  -1.2203285847529257e+00
   1.1778367460383231e+01
   2.4088503533334677e+01
  -4.5633226588139642e+01
   3.0885856611313592e+01
  -1.8370991319238216e-14
  -3.0885856611313592e+01
   4.5633226588139657e+01
  -2.4088503533334567e+01
  -1.1778367460383105e+01
  -2.9092163779860318e+01
  -1.4226083221871451e+00
   3.5506552507589035e+01
  -5.0559560545802775e+01
   5.4978600240229831e+01
  -5.0559560545802753e+01
   3.5506552507589120e+01
  -1.4226083221870116e+00
  -2.9092163779860137e+01
  -1.4231617500993414e+00
  -1.8881909675558990e+00
  -3.1884800188176382e-01
   2.0318022468693582e+00
   3.1374750995027831e+00
   2.0318022468693586e+00
  -3.1884800188176510e-01
  -1.8881909675558959e+00
  -1.4231617500993394e+00
   3.7999881859189104e+00
   1.7028247833831569e+00
  -6.0498631321297536e+00
  -8.0047631452210606e+00
   1.9211494190053034e-15
   8.0047631452210588e+00
   6.0498631321297518e+00
  -1.7028247833831502e+00
  -3.7999881859189073e+00
  -7.1834151118051466e+00
   3.5555062160082214e+00
   1.4823959165851457e+01
  -2.1897767094013298e+00
  -1.8210198464733985e+01
  -2.1897767094013321e+00
   1.4823959165851470e+01
   3.5555062160082413e+00
  -7.1834151118051395e+00
   1.0980349203206643e+01
  -1.5635637872599462e+01
  -1.1858397494250546e+01
   2.6892400618083180e+01
  -9.5980594210498939e-15
  -2.6892400618083173e+01
   1.1858397494250568e+01
   1.5635637872599489e+01
  -1.0980349203206655e+01
  -1.4065446528677107e+01
   3.1916324687725421e+01
  -1.3699503682437596e+01
  -2.3857764367817143e+01
   3.9101589816424017e+01
  -2.3857764367817136e+01
  -1.3699503682437577e+01
   3.1916324687725400e+01
  -1.4065446528677125e+01
   1.4833813246463681e+01
  -4.4338836144076474e+01
   5.0394914454530586e+01
  -2.7941897752747295e+01
   2.4936142959403248e-14
   2.7941897752747302e+01
  -5.0394914454530600e+01
   4.4338836144076431e+01
  -1.4833813246463757e+01
   7.6445778566891909e-01
   2.3987933096817744e+00
   1.3974210746220495e+00
  -2.3006887511000831e+00
  -4.4370598373247123e+00
  -2.3006887511000835e+00
   1.3974210746220506e+00
   2.3987933096817744e+00
   7.6445778566891676e-01
  -2.3288051997641501e+00
  -4.1424994597372278e+00
   5.0595085778457491e+00
   1.1071652367812659e+01
  -2.9285715913603826e-15
  -1.1071652367812659e+01
  -5.0595085778457447e+00
   4.1424994597372216e+00
   2.3288051997641426e+00
   5.0914532639724444e+00
   2.2548308140426978e+00
  -1.7610339945333177e+01
  -1.1002308454927663e+00
   2.3252268034538048e+01
  -1.1002308454927585e+00
  -1.7610339945333173e+01
   2.2548308140426836e+00
   5.0914532639724337e+00
  -9.1956446931135147e+00
   6.9172048079689787e+00
   2.2072966545096246e+01
  -3.0628281705089915e+01
   1.3178572161121724e-14
   3.0628281705089915e+01
  -2.2072966545096271e+01
  -6.9172048079690089e+00
   9.1956446931134916e+00
   1.4472338791412824e+01
  -2.4566514746775905e+01
  -1.0468864583773290e+00
   3.5867618704139069e+01
  -4.7486387852204537e+01
   3.5867618704139055e+01
  -1.0468864583773623e+00
  -2.4566514746775951e+01
   1.4472338791412806e+01
  -3.3641970235751617e-01
  -2.3971167724859281e+00
  -2.5251107019241967e+00
   2.3355324717591599e+00
   5.8170345215582158e+00
   2.3355324717591599e+00
  -2.5251107019242003e+00
  -2.3971167724859299e+00
  -3.3641970235751456e-01
   1.1304419387859288e+00
   5.3074312144985027e+00
  -3.1130283997452537e+00
  -1.4064102022833197e+01
   4.1096435189077957e-15
   1.4064102022833193e+01
   3.1130283997452479e+00
  -5.3074312144985036e+00
  -1.1304419387859233e+00
  -2.7339764249731080e+00
  -6.5393463406555208e+00
   1.8061399427341346e+01
   5.4176331288409401e+00
  -2.8512371389725281e+01
   5.4176331288409356e+00
   1.8061399427341343e+01
  -6.5393463406554986e+00
  -2.7339764249730938e+00
   5.4861054120262764e+00
   2.0519256122510527e+00
  -3.0129516693574732e+01
   3.2674262039114190e+01
  -1.7223502320794520e-14
  -3.2674262039114190e+01
   3.0129516693574757e+01
  -2.0519256122510114e+00
  -5.4861054120262525e+00
   1.3192976059447611e-01
   2.1030007839151130e+00
   3.5544771446873105e+00
  -2.1477637100447780e+00
  -7.2654737887490857e+00
  -2.1477637100447793e+00
   3.5544771446873127e+00
   2.1030007839151157e+00
   1.3192976059447520e-01
  -4.8016707901988487e-01
  -5.4186303921765466e+00
   6.3239145006927722e-01
   1.6863348593770500e+01
  -5.4562313487442546e-15
  -1.6863348593770500e+01
  -6.3239145006927189e-01
   5.4186303921765449e+00
   4.8016707901988143e-01
   1.2581102882799136e+00
   8.7561254825658317e+00
  -1.6455390961005463e+01
  -1.0538908874402837e+01
   3.3967269401955164e+01
  -1.0538908874402832e+01
  -1.6455390961005463e+01
   8.7561254825658281e+00
   1.2581102882799058e+00
  -4.7967533147209716e-02
  -1.6983996559341135e+00
  -4.4045472553567633e+00
   1.7547421603411193e+00
   8.7738931593606146e+00
   1.7547421603411202e+00
  -4.4045472553567642e+00
  -1.6983996559341148e+00
  -4.7967533147209286e-02
   1.8685467293866534e-01
   4.8842225838865998e+00
   2.0245835564268648e+00
  -1.9384688608503851e+01
   6.9618121280524206e-15
   1.9384688608503847e+01
  -2.0245835564268719e+00
  -4.8842225838866069e+00
  -1.8685467293866384e-01
   1.6529672451579609e-02
   1.2948987084472574e+00
   5.0418006428309932e+00
  -1.1767296190476886e+00
  -1.0335910926836588e+01
  -1.1767296190476897e+00
   5.0418006428309976e+00
   1.2948987084472601e+00
   1.6529672451579439e-02
