   0.0000000000000000e+00
   0.0000000000000000e+00
   0.0000000000000000e+00
   0.0000000000000000e+00
   0.0000000000000000e+00
   0.0000000000000000e+00
   0.0000000000000000e+00
   0.0000000000000000e+00
   0.0000000000000000e+00
   0.0000000000000000e+00
   0.0000000000000000e+00
   0.0000000000000000e+00
   0.0000000000000000e+00
   0.0000000000000000e+00
   0.0000000000000000e+00
   0.0000000000000000e+00
   0.0000000000000000e+00
   1.2132022331176182e+00
   1.1643349696438210e+00
   1.0780683891251990e+00
   9.5715526819331387e-01
   8.0547937931280367e-01
   6.2791510590766253e-01
   4.3016930095995898e-01
   2.1859758591156511e-01
   1.9695399677601134e-16
  -2.1859758591156500e-01
  -4.3016930095995881e-01
  -6.2791510590766253e-01
  -8.0547937931280345e-01
  -9.5715526819331442e-01
  -1.0780683891251988e+00
  -1.1643349696438214e+00
  -1.2132022331176187e+00
  -4.5654413433331404e+00
  -3.8306308719470716e+00
  -2.6071806206229957e+00
  -1.0508008801565361e+00
   6.4006377919687163e-01
   2.2497873874492615e+00
   3.5730851824158822e+00
   4.4411982178455860e+00
   4.7434164902525682e+00
   4.4411982178455869e+00
   3.5730851824158831e+00
   2.2497873874492615e+00
   6.4006377919687329e-01
  -1.0508008801565425e+00
  -2.6071806206229913e+00
  -3.8306308719470787e+00
  -4.5654413433331431e+00
   1.0336938175412344e+01
   6.8209901584541388e+00
   1.5372195364046959e+00
  -4.0321310490441604e+00
  -8.3273348355035228e+00
  -1.0153473050650167e+01
  -9.0181717550274580e+00
  -5.2702296652385616e+00
  -4.9640612925758835e-15
   5.2702296652385616e+00
   9.0181717550274545e+00
   1.0153473050650167e+01
   8.3273348355035246e+00
   4.0321310490441418e+00
  -1.5372195364046839e+00
  -6.8209901584541752e+00
  -1.0336938175412365e+01
  -1.8380221952163581e+01
  -7.7902588034792082e+00
   5.8889721162398532e+00
   1.6152329295392846e+01
   1.8243419313692460e+01
   1.1468102029764495e+01
  -5.0540420838259470e-01
  -1.1499080039461159e+01
  -1.5909902576697315e+01
  -1.1499080039461173e+01
  -5.0540420838259892e-01
   1.1468102029764495e+01
   1.8243419313692460e+01
   1.6152329295392821e+01
   5.8889721162398834e+00
  -7.7902588034793130e+00
  -1.8380221952163648e+01
   2.8143384857426486e+01
   3.7200800949197759e+00
  -2.1640584700933228e+01
  -3.0199602450007564e+01
  -1.6932960272515533e+01
   7.0682217496874928e+00
   2.3250474961121256e+01
   1.9693752327989500e+01
   2.0506889135005962e-14
  -1.9693752327989493e+01
  -2.3250474961121256e+01
  -7.0682217496874928e+00
   1.6932960272515515e+01
   3.0199602450007575e+01
   2.1640584700933271e+01
  -3.7200800949200108e+00
  -2.8143384857426664e+01
  -3.8690305850623723e+01
   8.3426721884561132e+00
   4.3600744113749705e+01
   3.4309570058421393e+01
  -6.4008078805180926e+00
  -3.4734206189173790e+01
  -2.2558955125670057e+01
   1.4035224586867248e+01
   3.3462315557952657e+01
   1.4035224586867283e+01
  -2.2558955125670028e+01
  -3.4734206189173790e+01
  -6.4008078805181414e+00
   3.4309570058421521e+01
   4.3600744113749762e+01
   8.3426721884556940e+00
  -3.8690305850624050e+01
   4.8732849498551531e+01
  -3.0425074429160293e+01
  -6.4677225075593782e+01
  -1.6462774790125334e+01
   4.3342567696230404e+01
   3.5380662264457094e+01
  -2.1873828912860084e+01
  -4.3635764848189645e+01
  -5.2985928816907123e-14
   4.3635764848189645e+01
   2.1873828912860105e+01
  -3.5380662264457094e+01
  -4.3342567696230418e+01
   1.6462774790125600e+01
   6.4677225075593725e+01
   3.0425074429159675e+01
  -4.8732849498552120e+01
  -5.6678942934681793e+01
   6.2808139564510846e+01
   7.4113071459945914e+01
  -2.5550139727383232e+01
  -6.3641836919615670e+01
   1.2226240669281143e+01
   5.8812571412308969e+01
  -3.7189611660676225e+00
  -5.7398432714883427e+01
  -3.7189611660676900e+00
   5.8812571412308955e+01
   1.2226240669281143e+01
  -6.3641836919615606e+01
  -2.5550139727382842e+01
   7.4113071459945758e+01
   6.2808139564510029e+01
  -5.6678942934682837e+01
   6.0696915295198295e+01
  -1.0341978770593225e+02
  -6.0977722055724207e+01
   7.7312506667715610e+01
   3.6247941516632963e+01
  -7.2834174454192919e+01
  -1.7126586643052260e+01
   7.1846197390195485e+01
   1.0856043184638128e-13
  -7.1846197390195556e+01
   1.7126586643052175e+01
   7.2834174454192919e+01
  -3.6247941516632871e+01
  -7.7312506667715311e+01
   6.0977722055723895e+01
   1.0341978770593147e+02
  -6.0696915295199915e+01
  -5.8794861166373884e+01
   1.4759164396185099e+02
   1.8894281330177748e+01
  -1.1029231335088618e+02
   3.8519324995932458e+01
   7.3541968930452200e+01
  -7.5053904791964428e+01
  -2.5980117401339555e+01
   8.7717837968684464e+01
  -2.5980117401339470e+01
  -7.5053904791964456e+01
   7.3541968930452200e+01
   3.8519324995932621e+01
  -1.1029231335088626e+02
   1.8894281330177208e+01
   1.4759164396185048e+02
  -5.8794861166376293e+01
   4.8912793381673310e+01
  -1.8828164324097068e+02
   4.9640664197636696e+01
   9.5139795804468875e+01
  -1.1458989461865802e+02
   1.5650291840267860e+01
   8.8926011004562213e+01
  -9.4182795964859253e+01
  -1.9338939464197280e-13
   9.4182795964859409e+01
  -8.8926011004562142e+01
  -1.5650291840267860e+01
   1.1458989461865805e+02
  -9.5139795804469586e+01
  -4.9640664197637328e+01
   1.8828164324097082e+02
  -4.8912793381676728e+01
  -2.9024637548194352e+01
   2.1679438323236403e+02
  -1.3116969288660624e+02
  -2.0364793049476408e+01
   1.2474746834536111e+02
  -1.2346244067421483e+02
   3.2142210709260532e+01
   7.6857093060320594e+01
  -1.2442040999432821e+02
   7.6857093060320466e+01
   3.2142210709260638e+01
  -1.2346244067421483e+02
   1.2474746834536097e+02
  -2.0364793049477704e+01
  -1.3116969288660664e+02
   2.1679438323236519e+02
  -2.9024637548198996e+01
  -2.7534138822619347e+00
  -2.2394964524583702e+02
   2.0277037483282214e+02
  -9.4029639501767818e+01
  -3.4472126609129731e+01
   1.2698397235306503e+02
  -1.4913915854910218e+02
   9.7686524731766355e+01
   3.1363173711803768e-13
  -9.7686524731766724e+01
   1.4913915854910212e+02
  -1.2698397235306503e+02
   3.4472126609129290e+01
   9.4029639501766539e+01
  -2.0277037483282234e+02
   2.2394964524583955e+02
   2.7534138822558676e+00
   4.8052058247445807e+01
   2.0156839180882804e+02
  -2.3743355139163950e+02
   1.9798334257752225e+02
  -1.1545965860626694e+02
   1.5265201600465883e+01
   7.8206022620731289e+01
  -1.4390889228993757e+02
   1.6750610329767557e+02
  -1.4390889228993751e+02
   7.8206022620730963e+01
   1.5265201600465883e+01
  -1.1545965860626738e+02
   1.9798334257752154e+02
  -2.3743355139163867e+02
   2.0156839180883281e+02
   4.8052058247438218e+01
  -1.0813966947788967e+02
  -1.4407736238718485e+02
   2.1228421867911919e+02
  -2.3122139641786194e+02
   2.1983247606480600e+02
  -1.8547185270103634e+02
   1.3364675030100125e+02
  -6.9871045158528119e+01
  -4.7544635013078680e-13
   6.9871045158528659e+01
  -1.3364675030100139e+02
   1.8547185270103634e+02
  -2.1983247606480597e+02
   2.3122139641786242e+02
  -2.1228421867911800e+02
   1.4407736238719204e+02
   1.0813966947788023e+02
   1.8381894497612026e+02
   4.9989501117236138e+01
  -1.1740248733661709e+02
   1.5462226146669255e+02
  -1.7937574318043249e+02
   1.9658088992656582e+02
  -2.0810863307602978e+02
   2.1478464983483241e+02
  -2.1697489777225357e+02
   2.1478464983483261e+02
  -2.0810863307602946e+02
   1.9658088992656582e+02
  -1.7937574318043167e+02
   1.5462226146669522e+02
  -1.1740248733661517e+02
   4.9989501117245510e+01
   1.8381894497610941e+02
   1.1861775069192756e-01
   2.6862992988917184e-01
   4.1095531896363047e-01
   5.4030259696293614e-01
   6.5238139516001714e-01
   7.4354644097492983e-01
   8.1084966933199798e-01
   8.5211944451280897e-01
   8.6602540378443893e-01
   8.5211944451280930e-01
   8.1084966933199798e-01
   7.4354644097492983e-01
   6.5238139516001714e-01
   5.4030259696293559e-01
   4.1095531896363074e-01
   2.6862992988917062e-01
   1.1861775069192614e-01
  -1.0509504715841691e+00
  -2.2841872548583537e+00
  -3.2354916382159380e+00
  -3.7767550013437230e+00
  -3.8375615833113104e+00
  -3.4096389555957605e+00
  -2.5472942873043496e+00
  -1.3603328979347136e+00
  -1.2456464481713116e-15
   1.3603328979347127e+00
   2.5472942873043483e+00
   3.4096389555957605e+00
   3.8375615833113104e+00
   3.7767550013437212e+00
   3.2354916382159398e+00
   2.2841872548583440e+00
   1.0509504715841567e+00
   3.6788585344460101e+00
   7.4555559822495869e+00
   9.1747753327916612e+00
   8.3313209033269295e+00
   5.1650755377866560e+00
   5.7611742504308505e-01
  -4.1326800280033869e+00
  -7.6252737221213094e+00
  -8.9110184603108067e+00
  -7.6252737221213103e+00
  -4.1326800280033895e+00
   5.7611742504308505e-01
   5.1650755377866506e+00
   8.3313209033269384e+00
   9.1747753327916648e+00
   7.4555559822495612e+00
   3.6788585344459679e+00
  -8.9937497698791020e+00
  -1.6513848541561433e+01
  -1.6236940146073000e+01
  -8.3292387189521051e+00
   3.2644604520765239e+00
   1.2820453943614979e+01
   1.5670394488008437e+01
   1.0502859496839671e+01
   1.0297793918013497e-14
  -1.0502859496839671e+01
  -1.5670394488008434e+01
  -1.2820453943614979e+01
  -3.2644604520765395e+00
   8.3292387189521495e+00
   1.6236940146072996e+01
   1.6513848541561398e+01
   8.9937497698790061e+00
   1.7987287123461936e+01
   2.8937642998221957e+01
   1.9543593316318081e+01
  -3.0185703031389410e+00
  -2.1940030971076698e+01
  -2.3494414976709582e+01
  -7.2474703650780512e+00
   1.3816765646713336e+01
   2.3281984048830541e+01
   1.3816765646713359e+01
  -7.2474703650780405e+00
  -2.3494414976709582e+01
  -2.1940030971076705e+01
  -3.0185703031388522e+00
   1.9543593316318052e+01
   2.8937642998221953e+01
   1.7987287123461758e+01
  -3.1556956362352974e+01
  -4.2655766606939245e+01
  -1.2904569733151579e+01
   2.6740245810370766e+01
   3.6237864035346256e+01
   7.9870144355134727e+00
  -2.6300162657973047e+01
  -2.9903559084779207e+01
  -3.3213183531685238e-14
   2.9903559084779207e+01
   2.6300162657973058e+01
  -7.9870144355134727e+00
  -3.6237864035346256e+01
  -2.6740245810370649e+01
   1.2904569733151497e+01
   4.2655766606939324e+01
   3.1556956362352675e+01
   5.0418021244892230e+01
   5.4094967354911155e+01
  -8.2633480180281680e+00
  -5.3228802205140155e+01
  -2.4381521586203807e+01
   3.3439364654267010e+01
   3.9416630670254101e+01
  -1.1343679533274548e+01
  -4.4029866572482661e+01
  -1.1343679533274591e+01
   3.9416630670254079e+01
   3.3439364654267010e+01
  -2.4381521586203753e+01
  -5.3228802205140120e+01
  -8.2633480180283279e+00
   5.4094967354911446e+01
   5.0418021244891804e+01
  -7.5023347583658236e+01
  -5.8603075089269538e+01
   4.3750405591963982e+01
   6.4008530591585711e+01
  -2.0748735477380869e+01
  -5.9375374500814885e+01
   8.8891397828552812e+00
   5.7075278292142073e+01
   7.6146683820628353e-14
  -5.7075278292142102e+01
  -8.8891397828553327e+00
   5.9375374500814885e+01
   2.0748735477380976e+01
  -6.4008530591585881e+01
  -4.3750405591964174e+01
   5.8603075089270156e+01
   7.5023347583657667e+01
   1.0549358228768301e+02
   5.1212350146511255e+01
  -8.6506360936163446e+01
  -4.1336260537740820e+01
   7.4743161142455364e+01
   2.3676436513586669e+01
  -7.1783003596852737e+01
  -7.6956427626146473e+00
   7.1159213400187298e+01
  -7.6956427626145754e+00
  -7.1783003596852708e+01
   2.3676436513586669e+01
   7.4743161142455435e+01
  -4.1336260537741282e+01
  -8.6506360936163617e+01
   5.1212350146512463e+01
   1.0549358228768236e+02
  -1.4156037552209665e+02
  -2.7641751285241604e+01
   1.2294391744829643e+02
  -1.8586753653623070e+01
  -9.0579429570803356e+01
   6.1091250778529719e+01
   4.9085304225942465e+01
  -8.4149657788963623e+01
  -1.4525614047340663e-13
   8.4149657788963765e+01
  -4.9085304225942352e+01
  -6.1091250778529719e+01
   9.0579429570803242e+01
   1.8586753653622345e+01
  -1.2294391744829643e+02
   2.7641751285243544e+01
   1.4156037552209591e+02
   1.8252518170114905e+02
  -1.4617530313356600e+01
  -1.3609703228890746e+02
   9.6855324821696058e+01
   3.4862895670427243e+01
  -1.1119309588386373e+02
   6.3696785737111810e+01
   4.7877865830188071e+01
  -1.0467103523706773e+02
   4.7877865830187979e+01
   6.3696785737111881e+01
  -1.1119309588386373e+02
   3.4862895670427008e+01
   9.6855324821695334e+01
  -1.3609703228890717e+02
  -1.4617530313353951e+01
   1.8252518170114851e+02
  -2.2723581672961382e+02
   7.5321985375754863e+01
   1.1111238036160765e+02
  -1.5497312267693863e+02
   7.4248118485806955e+01
   4.9444187331153856e+01
  -1.2331330013801453e+02
   9.9185285647412016e+01
   2.4670003925195750e-13
  -9.9185285647412229e+01
   1.2331330013801445e+02
  -4.9444187331153856e+01
  -7.4248118485807282e+01
   1.5497312267693860e+02
  -1.1111238036160682e+02
  -7.5321985375751566e+01
   2.2723581672961336e+02
   2.7408245219362959e+02
  -1.5079478018339833e+02
  -4.1544738069501982e+01
   1.5158914191216431e+02
  -1.6345139579157450e+02
   9.3993309987280284e+01
   1.4049778693561317e+01
  -1.0784337166265003e+02
   1.4456565913596626e+02
  -1.0784337166264996e+02
   1.4049778693561096e+01
   9.3993309987280284e+01
  -1.6345139579157450e+02
   1.5158914191216545e+02
  -4.1544738069500887e+01
  -1.5079478018339478e+02
   2.7408245219363016e+02
  -3.2101413211770131e+02
   2.3371134315230992e+02
  -6.5693611920290593e+01
  -6.6439833814696598e+01
   1.5007544763804378e+02
  -1.7888369858661230e+02
   1.5479808111966068e+02
  -8.8922096674683175e+01
  -3.8663707103276361e-13
   8.8922096674683559e+01
  -1.5479808111966071e+02
   1.7888369858661230e+02
  -1.5007544763804333e+02
   6.6439833814698488e+01
   6.5693611920291886e+01
  -2.3371134315230663e+02
   3.2101413211770267e+02
   3.6557623442444066e+02
  -3.1346351806627825e+02
   1.8883463453580140e+02
  -8.1051484239431346e+01
  -1.1265570190645375e+01
   8.7020739010521638e+01
  -1.4372826577354834e+02
   1.7891133613985130e+02
  -1.9084321672043137e+02
   1.7891133613985133e+02
  -1.4372826577354800e+02
   8.7020739010521638e+01
  -1.1265570190644764e+01
  -8.1051484239429087e+01
   1.8883463453580234e+02
  -3.1346351806627615e+02
   3.6557623442444356e+02
  -4.0496859356766532e+02
   3.7713539039235036e+02
  -2.9451858373310995e+02
   2.3101087647001131e+02
  -1.7789516778445676e+02
   1.3025797777096619e+02
  -8.5578004184180074e+01
   4.2452675230963742e+01
   5.7122600888967146e-13
  -4.2452675230964147e+01
   8.5578004184180500e+01
  -1.3025797777096619e+02
   1.7789516778445704e+02
  -2.3101087647000986e+02
   2.9451858373311040e+02
  -3.7713539039235053e+02
   4.0496859356767072e+02
   1.8638336236287971e+00
   1.5638485048704891e+00
   1.0643770312998515e+00
   4.2898766294182844e-01
  -2.6130494364496237e-01
  -9.1847185483332172e-01
  -1.4587059174030443e+00
  -1.8131115800466155e+00
  -1.9364916731037083e+00
  -1.8131115800466162e+00
  -1.4587059174030446e+00
  -9.1847185483332172e-01
  -2.6130494364496304e-01
   4.2898766294183116e-01
   1.0643770312998497e+00
   1.5638485048704920e+00
   1.8638336236287982e+00
  -4.6467364016582495e+00
  -2.7618576477093186e+00
   6.0006911124551081e-02
   3.0093026824623044e+00
   5.2349815321723527e+00
   6.0866376960317421e+00
   5.2993615564397967e+00
   3.0695155329131159e+00
   2.8837118829506740e-15
  -3.0695155329131159e+00
  -5.2993615564397940e+00
  -6.0866376960317421e+00
  -5.2349815321723536e+00
  -3.0093026824622946e+00
  -6.0006911124557478e-02
   2.7618576477093382e+00
   4.6467364016582602e+00
   8.3964185206723787e+00
   2.2183272104581566e+00
  -5.5680680895286301e+00
  -1.0958658446136292e+01
  -1.1085558029492804e+01
  -5.6622246527578417e+00
   2.8461984497481163e+00
   1.0413058160687452e+01
   1.3416407864998734e+01
   1.0413058160687463e+01
   2.8461984497481185e+00
  -5.6622246527578417e+00
  -1.1085558029492804e+01
  -1.0958658446136280e+01
  -5.5680680895286470e+00
   2.2183272104582183e+00
   8.3964185206724178e+00
  -1.2680525197690649e+01
   2.0247724192512506e+00
   1.6291614608498058e+01
   1.8777557253941968e+01
   6.9617031303259074e+00
  -1.0776856264063900e+01
  -2.1334601709549705e+01
  -1.6694607946253676e+01
  -1.7078911284351163e-14
   1.6694607946253669e+01
   2.1334601709549705e+01
   1.0776856264063900e+01
  -6.9617031303258932e+00
  -1.8777557253941993e+01
  -1.6291614608498080e+01
  -2.0247724192511116e+00
   1.2680525197690756e+01
   1.6821312636295193e+01
  -1.1724861104463566e+01
  -2.9829944783295065e+01
  -1.7000238992731262e+01
   1.4565563723042692e+01
   3.2360746308011223e+01
   1.7650356993003633e+01
  -1.4594773557510511e+01
  -3.1023082384331190e+01
  -1.4594773557510544e+01
   1.7650356993003612e+01
   3.2360746308011223e+01
   1.4565563723042729e+01
  -1.7000238992731372e+01
  -2.9829944783295080e+01
  -1.1724861104463319e+01
   1.6821312636295396e+01
  -1.9924057536853560e+01
   2.7801570364135781e+01
   4.0123981646881596e+01
  -2.8040599654160632e+00
  -4.3921013169772529e+01
  -2.7351099803248495e+01
   2.4312566830393354e+01
   4.0617059721870554e+01
   4.8247065616059593e-14
  -4.0617059721870554e+01
  -2.4312566830393372e+01
   2.7351099803248495e+01
   4.3921013169772515e+01
   2.8040599654158518e+00
  -4.0123981646881539e+01
  -2.7801570364135429e+01
   1.9924057536853937e+01
   2.0914626006129545e+01
  -4.9759358831907832e+01
  -3.8826070850768360e+01
   3.9878820811758715e+01
   5.4044130149479756e+01
  -1.9610430626711207e+01
  -5.5087837895965357e+01
   5.9580441105376210e+00
   5.4978600240229831e+01
   5.9580441105376831e+00
  -5.5087837895965336e+01
  -1.9610430626711207e+01
   5.4044130149479678e+01
   3.9878820811758445e+01
  -3.8826070850768211e+01
  -4.9759358831907413e+01
   2.0914626006130206e+01
  -1.8588784765861437e+01
   7.5301665598006878e+01
   1.8345737416300231e+01
  -7.9489037858262961e+01
  -2.0405116793881461e+01
   7.2120368186687770e+01
   1.0846924714249504e+01
  -6.9612016864825648e+01
  -1.0252282454755759e-13
   6.9612016864825705e+01
  -1.0846924714249429e+01
  -7.2120368186687770e+01
   2.0405116793881366e+01
   7.9489037858262790e+01
  -1.8345737416299976e+01
  -7.5301665598006565e+01
   1.8588784765862467e+01
   1.1672321789745801e+01
  -1.0025020428306100e+02
   2.4307985260896661e+01
   9.6491691460418139e+01
  -5.1089144133797561e+01
  -6.3701214110742114e+01
   7.6069008495440400e+01
   2.2352501711690138e+01
  -8.5307175690226416e+01
   2.2352501711690049e+01
   7.6069008495440400e+01
  -6.3701214110742114e+01
  -5.1089144133797696e+01
   9.6491691460418366e+01
   2.4307985260897070e+01
  -1.0025020428306100e+02
   1.1672321789747327e+01
   1.1099080636110596e+00
   1.1884037786185803e+02
  -8.4308235572232874e+01
  -6.7877608682454621e+01
   1.1446038763105948e+02
  -2.6525276929078320e+01
  -8.2388286268818547e+01
   9.3432644096396956e+01
   1.8605861757491058e-13
  -9.3432644096397112e+01
   8.2388286268818504e+01
   2.6525276929078320e+01
  -1.1446038763105946e+02
   6.7877608682455417e+01
   8.4308235572233343e+01
  -1.1884037786185867e+02
  -1.1099080636089089e+00
  -2.0958445168748931e+01
  -1.2440438133201172e+02
   1.4791548124765328e+02
  -1.1106120901887714e+01
  -1.0964536788852156e+02
   1.2460420357940581e+02
  -3.8748610167896416e+01
  -7.2444401235675699e+01
   1.2201481238324286e+02
  -7.2444401235675571e+01
  -3.8748610167896516e+01
   1.2460420357940581e+02
  -1.0964536788852138e+02
  -1.1106120901886525e+01
   1.4791548124765345e+02
  -1.2440438133201324e+02
  -2.0958445168746003e+01
   4.8920017473316086e+01
   1.1038600679696825e+02
  -1.9452098667952600e+02
   1.1666142177461906e+02
   1.2458319104138575e+01
  -1.1563167390588964e+02
   1.4697850547908297e+02
  -9.8880344178022725e+01
  -3.0501082540695262e-13
   9.8880344178023080e+01
  -1.4697850547908294e+02
   1.1563167390588964e+02
  -1.2458319104138148e+01
  -1.1666142177461806e+02
   1.9452098667952586e+02
  -1.1038600679697086e+02
  -4.8920017473312392e+01
  -8.5807758905344500e+01
  -7.1565705739952548e+01
   2.0188525802222716e+02
  -2.0037977459259045e+02
   1.2996717075607344e+02
  -2.9561906678356863e+01
  -6.8907691093649973e+01
   1.3953901905878664e+02
  -1.6510359936014009e+02
   1.3953901905878658e+02
  -6.8907691093649660e+01
  -2.9561906678356863e+01
   1.2996717075607384e+02
  -2.0037977459259005e+02
   2.0188525802222617e+02
  -7.1565705739956826e+01
  -8.5807758905339938e+01
   1.3212411288807337e+02
   5.3216556047161676e+00
  -1.5346704489672109e+02
   2.0930552530222639e+02
  -2.1550607392303775e+02
   1.8869221947648745e+02
  -1.3857714424443998e+02
   7.3126945956267519e+01
   4.6553714277419953e-13
  -7.3126945956268045e+01
   1.3857714424444012e+02
  -1.8869221947648745e+02
   2.1550607392303760e+02
  -2.0930552530222724e+02
   1.5346704489671984e+02
  -5.3216556047221522e+00
  -1.3212411288806780e+02
  -1.8798973178633432e+02
   8.7278195911360342e+01
   4.5753018670757221e+01
  -1.1474624927819876e+02
   1.5670272507240017e+02
  -1.8399373082164760e+02
   2.0149761567154866e+02
  -2.1137352737351034e+02
   2.1457442250214049e+02
  -2.1137352737351043e+02
   2.0149761567154826e+02
  -1.8399373082164760e+02
   1.5670272507239935e+02
  -1.1474624927820147e+02
   4.5753018670755417e+01
   8.7278195911353151e+01
  -1.8798973178632821e+02
  -8.3528155486000843e-01
  -1.6654951091095525e+00
  -1.9718962477429536e+00
  -1.6291559080640317e+00
  -7.0335646401883634e-01
   5.6958122745361617e-01
   1.8504085977649485e+00
   2.7920628026158436e+00
   3.1374750995027831e+00
   2.7920628026158441e+00
   1.8504085977649491e+00
   5.6958122745361617e-01
  -7.0335646401883489e-01
  -1.6291559080640345e+00
  -1.9718962477429538e+00
  -1.6654951091095469e+00
  -8.3528155485999911e-01
   2.4263268216911480e+00
   4.1269015891733121e+00
   3.1415033342865106e+00
  -3.4843936918374546e-01
  -4.7867417223731552e+00
  -8.0023883965955491e+00
  -8.2811886457289692e+00
  -5.2291312941027641e+00
  -5.0454447703068844e-15
   5.2291312941027632e+00
   8.2811886457289692e+00
   8.0023883965955491e+00
   4.7867417223731614e+00
   3.4843936918372792e-01
  -3.1415033342865053e+00
  -4.1269015891733059e+00
  -2.4263268216911227e+00
  -5.1489618376983275e+00
  -6.9494880333149025e+00
  -1.0960626836256353e+00
   8.6555019452319684e+00
   1.4728677051629109e+01
   1.1539332918659909e+01
   1.4893607280241105e-03
  -1.2730790369733256e+01
  -1.8210198464733985e+01
  -1.2730790369733267e+01
   1.4893607280185447e-03
   1.1539332918659909e+01
   1.4728677051629109e+01
   8.6555019452319346e+00
  -1.0960626836256173e+00
  -6.9494880333149229e+00
  -5.1489618376982804e+00
   9.2181581389395113e+00
   8.7548371149929718e+00
  -7.0131166778558294e+00
  -2.1859881031844580e+01
  -1.7763223190707976e+01
   4.7823495636849884e+00
   2.5372591856605588e+01
   2.3587215276453790e+01
   2.5207033993276931e-14
  -2.3587215276453790e+01
  -2.5372591856605588e+01
  -4.7823495636849884e+00
   1.7763223190707965e+01
   2.1859881031844548e+01
   7.0131166778558658e+00
  -8.7548371149930464e+00
  -9.2181581389394367e+00
  -1.4735710371463028e+01
  -7.5396158558277531e+00
   2.2305719991283112e+01
   3.1641878885833005e+01
   1.4733425695733360e-01
  -3.6027304314042738e+01
  -2.9432446837694339e+01
   1.3847919305500165e+01
   3.9101589816424017e+01
   1.3847919305500200e+01
  -2.9432446837694307e+01
  -3.6027304314042738e+01
   1.4733425695730132e-01
   3.1641878885833059e+01
   2.2305719991283173e+01
  -7.5396158558279502e+00
  -1.4735710371462931e+01
   2.1657232876328877e+01
   1.0166775804337327e+00
  -4.2392613786113536e+01
  -2.5471520923211674e+01
   3.7685713312448755e+01
   4.6410178668604118e+01
  -1.7453016775338650e+01
  -5.1432252937891072e+01
  -6.5488884332217921e-14
   5.1432252937891093e+01
   1.7453016775338693e+01
  -4.6410178668604118e+01
  -3.7685713312448804e+01
   2.5471520923211873e+01
   4.2392613786113593e+01
  -1.0166775804341057e+00
  -2.1657232876328763e+01
  -2.9763932008578731e+01
   1.2869626339649031e+01
   6.0633650541490560e+01
  -5.5654537944098692e+00
  -7.1262325515346788e+01
  -3.6757135256791953e+00
   6.7593959867752787e+01
   1.9005686034820950e+00
  -6.6286920588185794e+01
   1.9005686034820248e+00
   6.7593959867752758e+01
  -3.6757135256791953e+00
  -7.1262325515346802e+01
  -5.5654537944094971e+00
   6.0633650541490539e+01
   1.2869626339648393e+01
  -2.9763932008578664e+01
   3.8642031843956282e+01
  -3.5328806809405130e+01
  -6.7139566603673728e+01
   5.7676749849179330e+01
   6.3905130500607378e+01
  -7.0153508433330629e+01
  -3.5115801061201459e+01
   8.0775727424204476e+01
   1.3198225278054046e-13
  -8.0775727424204618e+01
   3.5115801061201338e+01
   7.0153508433330629e+01
  -6.3905130500607250e+01
  -5.7676749849178883e+01
   6.7139566603673572e+01
   3.5328806809404220e+01
  -3.8642031843956282e+01
  -4.7671488597324149e+01
   6.6119415507552645e+01
   5.1653566420036569e+01
  -1.1023829651201591e+02
   2.0265775586850689e+00
   9.8133652054444198e+01
  -7.0799968808445243e+01
  -3.9719109330534465e+01
   9.9826705552340599e+01
  -3.9719109330534359e+01
  -7.0799968808445300e+01
   9.8133652054444198e+01
   2.0265775586852603e+00
  -1.1023829651201558e+02
   5.1653566420036242e+01
   6.6119415507551537e+01
  -4.7671488597324348e+01
   5.6025202245264616e+01
  -1.0307912363180165e+02
  -7.6945692288484269e+00
   1.3153063667156638e+02
  -9.8090324419051555e+01
  -2.3154244435539240e+01
   1.1297281332948900e+02
  -9.9313729158423882e+01
  -2.3082700821409263e-13
   9.9313729158424081e+01
  -1.1297281332948891e+02
   2.3154244435539240e+01
   9.8090324419051782e+01
  -1.3153063667156678e+02
   7.6945692288478345e+00
   1.0307912363180051e+02
  -5.6025202245265064e+01
  -6.2679544843444930e+01
   1.4191005929108189e+02
  -6.3327397929638288e+01
  -9.4179102450145066e+01
   1.5545701749126920e+02
  -1.0950889245550725e+02
   2.7041847115421320e+00
   9.8799004986342950e+01
  -1.3973737722599267e+02
   9.8799004986342865e+01
   2.7041847115423345e+00
  -1.0950889245550725e+02
   1.5545701749126911e+02
  -9.4179102450146331e+01
  -6.3327397929638998e+01
   1.4191005929108098e+02
  -6.2679544843445917e+01
   6.6436606488577183e+01
  -1.7631339747509784e+02
   1.4963251143794258e+02
  -6.2554154831318431e+00
  -1.1057381441871043e+02
   1.6640463271361986e+02
  -1.5655191987544671e+02
   9.3184630120872157e+01
   3.6817438418230871e-13
  -9.3184630120872527e+01
   1.5655191987544669e+02
  -1.6640463271361986e+02
   1.1057381441870994e+02
   6.2554154831300837e+00
  -1.4963251143794312e+02
   1.7631339747509764e+02
  -6.6436606488578761e+01
  -6.5958112873827872e+01
   1.9852138065141958e+02
  -2.2962322279177252e+02
   1.4007916360235706e+02
  -3.7014637345801177e+01
  -5.4984652472120437e+01
   1.2608092411498752e+02
  -1.7078615672124198e+02
   1.8602501870626352e+02
  -1.7078615672124204e+02
   1.2608092411498721e+02
  -5.4984652472120437e+01
  -3.7014637345801717e+01
   1.4007916360235529e+02
  -2.2962322279177278e+02
   1.9852138065142071e+02
  -6.5958112873830387e+01
   5.9810505212052568e+01
  -2.0021506069272485e+02
   2.7609345193366914e+02
  -2.4873371699763473e+02
   2.0250650252444055e+02
  -1.5236022724736097e+02
   1.0153399300028924e+02
  -5.0724597615034433e+01
  -5.5017954115106680e-13
   5.0724597615034824e+01
  -1.0153399300028964e+02
   1.5236022724736097e+02
  -2.0250650252444063e+02
   2.4873371699763425e+02
  -2.7609345193366886e+02
   2.0021506069272803e+02
  -5.9810505212056256e+01
   2.4347433428088774e-01
   1.1164443086855484e+00
   2.0974634564056522e+00
   2.4922493045909673e+00
   1.8383771885182538e+00
   1.6813842165683823e-01
  -1.9703017235363889e+00
  -3.7483232469803198e+00
  -4.4370598373247123e+00
  -3.7483232469803220e+00
  -1.9703017235363898e+00
   1.6813842165683823e-01
   1.8383771885182534e+00
   2.4922493045909677e+00
   2.0974634564056545e+00
   1.1164443086855391e+00
   2.4347433428088214e-01
  -7.8835907536948491e-01
  -3.2287788303322742e+00
  -4.6455317965116247e+00
  -2.5394259040102285e+00
   3.0024426393496562e+00
   8.9385223578099673e+00
   1.1232521427968262e+01
   7.7581555747825721e+00
   7.6912009414389879e-15
  -7.7581555747825703e+00
  -1.1232521427968260e+01
  -8.9385223578099673e+00
  -3.0024426393496619e+00
   2.5394259040102445e+00
   4.6455317965116247e+00
   3.2287788303322533e+00
   7.8835907536946725e-01
   1.8614230601137483e+00
   6.5843836055004363e+00
   5.9894310529594659e+00
  -3.7350391013204751e+00
  -1.5498694047483948e+01
  -1.7154322353835838e+01
  -4.0997125524943776e+00
   1.4529619919263920e+01
   2.3252268034538048e+01
   1.4529619919263942e+01
  -4.0997125524943669e+00
  -1.7154322353835838e+01
  -1.5498694047483960e+01
  -3.7350391013204236e+00
   5.9894310529594579e+00
   6.5843836055004052e+00
   1.8614230601137074e+00
  -3.6993497463606726e+00
  -1.0822291641030491e+01
  -2.9843023470394923e+00
   1.8243275325128447e+01
   2.6123934677325199e+01
   3.9188382788851448e+00
  -2.7459469732749827e+01
  -3.0975625942266380e+01
  -3.4610404236475452e-14
   3.0975625942266380e+01
   2.7459469732749827e+01
  -3.9188382788851448e+00
  -2.6123934677325181e+01
  -1.8243275325128369e+01
   2.9843023470394519e+00
   1.0822291641030464e+01
   3.6993497463605927e+00
   6.5546733439875062e+00
   1.4920880345276270e+01
  -7.5922231389665704e+00
  -3.6351769916668658e+01
  -1.7354808678439547e+01
   3.3990883268168929e+01
   4.1514903258418876e+01
  -1.1611815366544263e+01
  -4.7486387852204537e+01
  -1.1611815366544315e+01
   4.1514903258418862e+01
   3.3990883268168929e+01
  -1.7354808678439486e+01
  -3.6351769916668601e+01
  -7.5922231389666468e+00
   1.4920880345276293e+01
   6.5546733439873748e+00
  -1.0675201143354402e+01
  -1.7158781643796310e+01
   2.7198328418335020e+01
   4.5946477469659897e+01
  -2.0393422599153364e+01
  -6.1690984244435647e+01
   6.2833233906384205e+00
   6.2023407345042038e+01
   8.4846152920591587e-14
  -6.2023407345042074e+01
  -6.2833233906384756e+00
   6.1690984244435647e+01
   2.0393422599153435e+01
  -4.5946477469659975e+01
  -2.7198328418335127e+01
   1.7158781643796470e+01
   1.0675201143354196e+01
   1.6279524374275972e+01
   1.5242794310052995e+01
  -5.3659795340700271e+01
  -3.2180747779084918e+01
   7.1662563707502699e+01
   3.2111261883325099e+01
  -7.5604740208012032e+01
  -1.1999188734029920e+01
   7.7931167749099458e+01
  -1.1999188734029826e+01
  -7.5604740208011989e+01
   3.2111261883325099e+01
   7.1662563707502741e+01
  -3.2180747779085266e+01
  -5.3659795340700391e+01
   1.5242794310053398e+01
   1.6279524374275674e+01
  -2.3530044035845116e+01
  -6.6210540950182200e+00
   8.0145589211700965e+01
  -1.3025764946498162e+01
  -9.6405465207424797e+01
   5.3567863968908263e+01
   6.1619296374526925e+01
  -9.0202603764676098e+01
  -1.6441796160131277e-13
   9.0202603764676240e+01
  -6.1619296374526861e+01
  -5.3567863968908263e+01
   9.6405465207424726e+01
   1.3025764946497494e+01
  -8.0145589211701036e+01
   6.6210540950189642e+00
   2.3530044035844728e+01
   3.2504848872971252e+01
  -1.1036877408879288e+01
  -9.5764419347802956e+01
   8.1521551784116383e+01
   5.6371132851507092e+01
  -1.1990552435998507e+02
   5.6158062376368733e+01
   5.9276970975882612e+01
  -1.1469946380496552e+02
   5.9276970975882492e+01
   5.6158062376368804e+01
  -1.1990552435998507e+02
   5.6371132851506843e+01
   8.1521551784115701e+01
  -9.5764419347802757e+01
  -1.1036877408878098e+01
   3.2504848872970733e+01
  -4.3169880755300156e+01
   3.9248613604983497e+01
   8.8116402084267719e+01
  -1.4607045551975600e+02
   4.7304717144706657e+01
   7.8142644235199697e+01
  -1.3755417632046277e+02
   1.0154777139091111e+02
   2.7944352961477039e-13
  -1.0154777139091141e+02
   1.3755417632046266e+02
  -7.8142644235199697e+01
  -4.7304717144706999e+01
   1.4607045551975585e+02
  -8.8116402084267264e+01
  -3.9248613604981855e+01
   4.3169880755299651e+01
   5.5352897424489065e+01
  -7.8104495124904446e+01
  -4.7445257207971984e+01
   1.6863091869368884e+02
  -1.5701827331152037e+02
   6.8230787505342050e+01
   4.1100117808258233e+01
  -1.2612401740055228e+02
   1.5782417921340485e+02
  -1.2612401740055221e+02
   4.1100117808257934e+01
   6.8230787505342050e+01
  -1.5701827331152052e+02
   1.6863091869368930e+02
  -4.7445257207971054e+01
  -7.8104495124902371e+01
   5.5352897424488511e+01
  -6.8720767137007641e+01
   1.2574031546772646e+02
  -2.8685481988727464e+01
  -1.1864652468311216e+02
   1.8620047006233688e+02
  -1.9044889563105554e+02
   1.5045292041262985e+02
  -8.2167807564764459e+01
  -4.3606460055548934e-13
   8.2167807564764928e+01
  -1.5045292041262991e+02
   1.9044889563105554e+02
  -1.8620047006233659e+02
   1.1864652468311360e+02
   2.8685481988728469e+01
  -1.2574031546772410e+02
   6.8720767137007158e+01
   8.2761597042650791e+01
  -1.7801366924699542e+02
   1.3176199280601611e+02
  -6.3822691936249001e+00
  -8.2755805957400028e+01
   1.4193416295146417e+02
  -1.7957038407844595e+02
   2.0056146688205089e+02
  -2.0731812288641919e+02
   2.0056146688205098e+02
  -1.7957038407844558e+02
   1.4193416295146417e+02
  -8.2755805957399261e+01
  -6.3822691936224061e+00
   1.3176199280601716e+02
  -1.7801366924699335e+02
   8.2761597042650592e+01
  -5.8386594950514299e-02
  -6.1091713103823431e-01
  -1.7864718180169359e+00
  -2.9012385260116802e+00
  -2.8911190263183180e+00
  -1.1569651964323600e+00
   1.8295109716450377e+00
   4.6586597692863094e+00
   5.8170345215582158e+00
   4.6586597692863130e+00
   1.8295109716450388e+00
  -1.1569651964323600e+00
  -2.8911190263183166e+00
  -2.9012385260116780e+00
  -1.7864718180169386e+00
  -6.1091713103822665e-01
  -5.8386594950512259e-02
   2.0632852358209586e-01
   1.9680821525146133e+00
   4.6925358286501142e+00
   4.7665650578407153e+00
  -5.0576860623041375e-01
  -8.8979975278286627e+00
  -1.3977932085239786e+01
  -1.0593305642860571e+01
  -1.0793007142065341e-14
   1.0593305642860571e+01
   1.3977932085239782e+01
   8.8979975278286627e+00
   5.0576860623042130e-01
  -4.7665650578407259e+00
  -4.6925358286501178e+00
  -1.9680821525145908e+00
  -2.0632852358208864e-01
  -5.3022567850452484e-01
  -4.5154836047844809e+00
  -8.0390785630083155e+00
  -1.6114580922079027e+00
   1.3741936210245829e+01
   2.1822985125254615e+01
   9.1386264287367069e+00
  -1.5781162510057733e+01
  -2.8512371389725281e+01
  -1.5781162510057754e+01
   9.1386264287366892e+00
   2.1822985125254615e+01
   1.3741936210245838e+01
  -1.6114580922079518e+00
  -8.0390785630083155e+00
  -4.5154836047844320e+00
  -5.3022567850450653e-01
   1.1435270152671437e+00
   8.4842286280297241e+00
   9.4969891156844373e+00
  -1.0801819621056810e+01
  -3.0664311054583365e+01
  -1.4020762491922500e+01
   2.7478560500470447e+01
   3.8689722241353721e+01
   4.5233457039387790e-14
  -3.8689722241353735e+01
  -2.7478560500470454e+01
   1.4020762491922500e+01
   3.0664311054583365e+01
   1.0801819621056703e+01
  -9.4969891156844159e+00
  -8.4842286280296513e+00
  -1.1435270152671053e+00
  -2.1929690496848293e+00
  -1.3756555346461381e+01
  -5.5608743029486032e+00
   3.2121935014557749e+01
   3.3044959787266876e+01
  -2.6732393844931142e+01
  -5.3012458408553869e+01
   7.9406734254265414e+00
   5.6150607989476725e+01
   7.9406734254266027e+00
  -5.3012458408553840e+01
  -2.6732393844931142e+01
   3.3044959787266848e+01
   3.2121935014557607e+01
  -5.5608743029485437e+00
  -1.3756555346461292e+01
  -2.1929690496847569e+00
   3.8572917575167991e+00
   1.9683504197584842e+01
  -7.3263691591169211e+00
  -5.3898982606426159e+01
  -2.9964019329458993e+00
   7.1022639358092064e+01
   8.4104073374902750e+00
  -7.2122497340104928e+01
  -1.0624366405470571e-13
   7.2122497340105028e+01
  -8.4104073374901915e+00
  -7.1022639358092064e+01
   2.9964019329458034e+00
   5.3898982606426124e+01
   7.3263691591170517e+00
  -1.9683504197584785e+01
  -3.8572917575166747e+00
  -6.3427738124651007e+00
  -2.4959350609290162e+01
   3.0979764157619375e+01
   6.0413034555543433e+01
  -5.6402094382187499e+01
  -6.1323532240696785e+01
   7.8340862718394575e+01
   2.4095982764359576e+01
  -8.9889096832414694e+01
   2.4095982764359473e+01
   7.8340862718394618e+01
  -6.1323532240696785e+01
  -5.6402094382187599e+01
   6.0413034555543611e+01
   3.0979764157619538e+01
  -2.4959350609290215e+01
  -6.3427738124649045e+00
   9.8754283478821794e+00
   2.7603056982374383e+01
  -6.3549452843719806e+01
  -3.5485892664222526e+01
   1.1044860595917493e+02
  -2.4893140126751700e+01
  -8.8183838001187553e+01
   9.7614420084561203e+01
   1.9974012958968788e-13
  -9.7614420084561360e+01
   8.8183838001187482e+01
   2.4893140126751700e+01
  -1.1044860595917500e+02
   3.5485892664223122e+01
   6.3549452843719962e+01
  -2.7603056982374653e+01
  -9.8754283478818703e+00
  -1.4689807929285372e+01
  -2.5086042000696562e+01
   9.8266913623450051e+01
  -2.6700673963960913e+01
  -1.0850628625257536e+02
   1.2512909689987265e+02
  -3.3090801524766889e+01
  -8.0524811767561587e+01
   1.2990716055481425e+02
  -8.0524811767561502e+01
  -3.3090801524767052e+01
   1.2512909689987265e+02
  -1.0850628625257515e+02
  -2.6700673963959975e+01
   9.8266913623450151e+01
  -2.5086042000697184e+01
  -1.4689807929284946e+01
   2.1014536626255737e+01
   1.4625368514505542e+01
  -1.2365655548532885e+02
   1.1234739726143518e+02
   2.3074529330118551e+01
  -1.2891461896015747e+02
   1.5371817930958150e+02
  -1.0000061812590185e+02
  -3.3180704419745790e-13
   1.0000061812590215e+02
  -1.5371817930958142e+02
   1.2891461896015747e+02
  -2.3074529330118114e+01
  -1.1234739726143420e+02
   1.2365655548532861e+02
  -1.4625368514506668e+01
  -2.1014536626255165e+01
  -2.9054868195274743e+01
   6.3663019856335774e+00
   1.2568650494636103e+02
  -1.8704046909857519e+02
   1.1471134170105105e+02
  -7.6395361959193258e+00
  -8.8965175501922531e+01
   1.5366601646773373e+02
  -1.7626006258579636e+02
   1.5366601646773373e+02
  -8.8965175501922232e+01
  -7.6395361959193258e+00
   1.1471134170105141e+02
  -1.8704046909857462e+02
   1.2568650494636056e+02
   6.3663019856317513e+00
  -2.9054868195273986e+01
   3.8972751022039368e+01
  -3.9714238172771758e+01
  -9.1735250085514650e+01
   2.0690192923958921e+02
  -2.1725908178034044e+02
   1.8265996464352460e+02
  -1.2865893355574326e+02
   6.6021287437414472e+01
   5.0857130094138219e-13
  -6.6021287437414856e+01
   1.2865893355574354e+02
  -1.8265996464352460e+02
   2.1725908178034021e+02
  -2.0690192923959012e+02
   9.1735250085513769e+01
   3.9714238172769171e+01
  -3.8972751022038466e+01
   1.2497451747179554e-02
   2.9747251950020048e-01
   1.3442649340490691e+00
   2.9330480951878792e+00
   3.7321542894982409e+00
   2.2784108991979601e+00
  -1.4506784923428679e+00
  -5.5082910532306624e+00
  -7.2654737887490857e+00
  -5.5082910532306686e+00
  -1.4506784923428699e+00
   2.2784108991979601e+00
   3.7321542894982418e+00
   2.9330480951878730e+00
   1.3442649340490722e+00
   2.9747251950019526e-01
   1.2497451747178962e-02
  -4.7547500032202733e-02
  -1.0436521171265880e+00
  -3.9700488655818305e+00
  -6.0679126178473677e+00
  -2.1791878715026862e+00
   7.9963948758131700e+00
   1.6399638528480697e+01
   1.3682317478918923e+01
   1.4329501730458682e-14
  -1.3682317478918923e+01
  -1.6399638528480697e+01
  -7.9963948758131700e+00
   2.1791878715026791e+00
   6.0679126178473686e+00
   3.9700488655818358e+00
   1.0436521171265705e+00
   4.7547500032200499e-02
   1.3121028833784176e-01
   2.6167103908461908e+00
   7.9436164105093505e+00
   6.0484065324000769e+00
  -1.0190120767482671e+01
  -2.5161124347304867e+01
  -1.4826559813342220e+01
   1.6471388198851184e+01
   3.3967269401955164e+01
   1.6471388198851216e+01
  -1.4826559813342202e+01
  -2.5161124347304867e+01
  -1.0190120767482698e+01
   6.0484065324001079e+00
   7.9436164105093567e+00
   2.6167103908461491e+00
   1.3121028833783563e-01
  -3.0307587971655792e-01
  -5.4011423524618936e+00
  -1.2043694172441548e+01
   2.3627316164595005e+00
   3.1219904609582919e+01
   2.4360847740870334e+01
  -2.5455669192979453e+01
  -4.6585136591247995e+01
  -5.7031102868489599e-14
   4.6585136591248023e+01
   2.5455669192979478e+01
  -2.4360847740870334e+01
  -3.1219904609582937e+01
  -2.3627316164593992e+00
   1.2043694172441549e+01
   5.4011423524618198e+00
   3.0307587971654393e-01
   6.2097385487622092e-01
   9.7025901377435684e+00
   1.3597535253615630e+01
  -2.2302851153292437e+01
  -4.4666173021287079e+01
   1.5292406715476572e+01
   6.3226406322859987e+01
  -2.9027753468835749e+00
  -6.5071573905429574e+01
  -2.9027753468836583e+00
   6.3226406322859937e+01
   1.5292406715476572e+01
  -4.4666173021287051e+01
  -2.2302851153292242e+01
   1.3597535253615600e+01
   9.7025901377434476e+00
   6.2097385487619261e-01
  -1.1644347164956250e+00
  -1.5597819961261157e+01
  -8.7927155047714312e+00
   5.0241981946155910e+01
   2.7481802855317515e+01
  -7.3421216519556481e+01
  -2.5733639817521709e+01
   8.1507813646648657e+01
   1.2961823372810856e-13
  -8.1507813646648756e+01
   2.5733639817521649e+01
   7.3421216519556481e+01
  -2.7481802855317412e+01
  -5.0241981946155697e+01
   8.7927155047713459e+00
   1.5597819961261001e+01
   1.1644347164955735e+00
   2.0374717108632443e+00
   2.2765107700967768e+01
  -6.2379738863409084e+00
  -7.3589492933627085e+01
   2.9871854617368264e+01
   8.7547728721867955e+01
  -7.5479486621422225e+01
  -3.7944573118739925e+01
   1.0214068819195498e+02
  -3.7944573118739811e+01
  -7.5479486621422254e+01
   8.7547728721867955e+01
   2.9871854617368459e+01
  -7.3589492933627099e+01
  -6.2379738863410799e+00
   2.2765107700967587e+01
   2.0374717108631528e+00
  -3.3703223906083126e+00
  -3.0328432063198601e+01
   3.3671562619543877e+01
   7.3511975856612523e+01
  -1.0442206743064064e+02
  -1.1971699923034324e+01
   1.1288299537754754e+02
  -1.0280381994862110e+02
  -2.3787149545115073e-13
   1.0280381994862135e+02
  -1.1288299537754743e+02
   1.1971699923034324e+01
   1.0442206743064072e+02
  -7.3511975856613020e+01
  -3.3671562619544133e+01
   3.0328432063198466e+01
   3.3703223906081674e+00
   5.3197823468418033e+00
   3.6756033350754208e+01
  -7.2044697665968044e+01
  -3.3702929710187512e+01
   1.4324813871150823e+02
  -1.1289582851323890e+02
   3.0667312717395769e+00
   1.0298224309556647e+02
  -1.4543254551626677e+02
   1.0298224309556642e+02
   3.0667312717398061e+00
  -1.1289582851323890e+02
   1.4324813871150812e+02
  -3.3702929710188442e+01
  -7.2044697665968300e+01
   3.6756033350754244e+01
   5.3197823468415795e+00
  -8.0677863512003203e+00
  -3.9854877009855414e+01
   1.1481954447314189e+02
  -4.7904524641540284e+01
  -9.5878444347535833e+01
   1.6771121790885729e+02
  -1.5991909954731861e+02
   9.4629647075052873e+01
   3.8782903014281251e-13
  -9.4629647075053285e+01
   1.5991909954731855e+02
  -1.6771121790885729e+02
   9.5878444347535421e+01
   4.7904524641538998e+01
  -1.1481954447314210e+02
   3.9854877009855784e+01
   8.0677863511999881e+00
   1.1817936497815563e+01
   3.6895679399257730e+01
  -1.5025103347606566e+02
   1.5068540833207038e+02
  -4.0227971335257827e+01
  -6.3011109707343849e+01
   1.3719062932166466e+02
  -1.8073689301323887e+02
   1.9503021208250544e+02
  -1.8073689301323896e+02
   1.3719062932166423e+02
  -6.3011109707343849e+01
  -4.0227971335258367e+01
   1.5068540833206913e+02
  -1.5025103347606563e+02
   3.6895679399258675e+01
   1.1817936497815106e+01
  -2.4821493923552658e-03
  -1.3419987148060222e-01
  -9.3390450729614727e-01
  -2.7163269107908508e+00
  -4.3157362102885308e+00
  -3.4382611239109844e+00
   8.6144259330733652e-01
   6.2873073635288090e+00
   8.7738931593606146e+00
   6.2873073635288170e+00
   8.6144259330733941e-01
  -3.4382611239109844e+00
  -4.3157362102885299e+00
  -2.7163269107908419e+00
  -9.3390450729615004e-01
  -1.3419987148059920e-01
  -2.4821493923551188e-03
   1.0068268593109388e-02
   5.0566656266748422e-01
   3.0197296556153601e+00
   6.5238185744606696e+00
   4.6847236105409689e+00
  -6.4000206963843960e+00
  -1.8421524738433913e+01
  -1.6980632705334063e+01
  -1.8283553713134777e-14
   1.6980632705334063e+01
   1.8421524738433909e+01
   6.4000206963843960e+00
  -4.6847236105409609e+00
  -6.5238185744606607e+00
  -3.0197296556153672e+00
  -5.0566656266747334e-01
  -1.0068268593108795e-02
  -2.9555474476674167e-02
  -1.3632607269165835e+00
  -6.7314352594877640e+00
  -9.0411159055816874e+00
   5.6357106864689515e+00
   2.7012554569124145e+01
   2.0899030037280482e+01
  -1.6596420813119668e+01
  -3.9598612570299402e+01
  -1.6596420813119710e+01
   2.0899030037280472e+01
   2.7012554569124145e+01
   5.6357106864689737e+00
  -9.0411159055816963e+00
  -6.7314352594877773e+00
  -1.3632607269165558e+00
  -2.9555474476672439e-02
   7.2459102441967849e-02
   3.0316092467092139e+00
   1.1759741184841625e+01
   5.1434177080786903e+00
  -2.8360493651280546e+01
  -3.4007665299356105e+01
   2.1513680103606085e+01
   5.4537743273163969e+01
   6.9965584575574970e-14
  -5.4537743273164011e+01
  -2.1513680103606116e+01
   3.4007665299356105e+01
   2.8360493651280574e+01
  -5.1434177080787853e+00
  -1.1759741184841637e+01
  -3.0316092467091558e+00
  -7.2459102441963616e-02
  -1.5724323489810377e-01
  -5.8861766808153559e+00
  -1.6585234809645890e+01
   1.0413303439661771e+01
   5.1086708038739289e+01
  -9.6109612856147075e-01
  -7.1630713523197088e+01
  -3.4234715543431422e+00
   7.4230120010813408e+01
  -3.4234715543430543e+00
  -7.1630713523197088e+01
  -9.6109612856147075e-01
   5.1086708038739289e+01
   1.0413303439661552e+01
  -1.6585234809645879e+01
  -5.8861766808152503e+00
  -1.5724323489809477e-01
   3.1169837551782370e-01
   1.0279614481226540e+01
   1.8244140823811872e+01
  -3.8653270608388141e+01
  -4.9104056113262331e+01
   6.8858518291405161e+01
   4.4763131494893315e+01
  -8.9996124070830888e+01
  -1.5491554291317374e-13
   8.9996124070830987e+01
  -4.4763131494893265e+01
  -6.8858518291405161e+01
   4.9104056113262274e+01
   3.8653270608387857e+01
  -1.8244140823811808e+01
  -1.0279614481226369e+01
  -3.1169837551780555e-01
  -5.7554724530929557e-01
  -1.6428974503989142e+01
  -1.2651627869397586e+01
   7.2157910948962879e+01
   2.3682781667110682e+00
  -1.0795091783166062e+02
   6.7065057911394078e+01
   5.3297938636591596e+01
  -1.1466816296607304e+02
   5.3297938636591489e+01
   6.7065057911394163e+01
  -1.0795091783166062e+02
   2.3682781667108630e+00
   7.2157910948962737e+01
  -1.2651627869397455e+01
  -1.6428974503988901e+01
  -5.7554724530926327e-01
   1.0031522990950779e+00
   2.4272785564522255e+01
  -4.3507102665683899e+00
  -9.4169478468785286e+01
   8.1065965373314199e+01
   5.2634679386616185e+01
  -1.3410464692584083e+02
   1.0562315595874722e+02
   2.7874439910173300e-13
  -1.0562315595874750e+02
   1.3410464692584068e+02
  -5.2634679386616185e+01
  -8.1065965373314413e+01
   9.4169478468785343e+01
   4.3507102665686528e+00
  -2.4272785564521964e+01
  -1.0031522990950226e+00
  -1.6661596133131262e+00
  -3.3316992972698145e+01
   3.5300549928772085e+01
   8.3525093957216370e+01
  -1.5519103251590906e+02
   8.4698756784116242e+01
   3.2128120541964662e+01
  -1.2619287923990224e+02
   1.6125971189662135e+02
  -1.2619287923990221e+02
   3.2128120541964421e+01
   8.4698756784116242e+01
  -1.5519103251590909e+02
   8.3525093957216868e+01
   3.5300549928772419e+01
  -3.3316992972697861e+01
  -1.6661596133130343e+00
   2.6558804643035083e+00
   4.2497955379762693e+01
  -7.9156778641462623e+01
  -2.5174674637789376e+01
   1.5634323736122084e+02
  -1.8927390670175026e+02
   1.5541875217765940e+02
  -8.5468125467172896e+01
  -4.4743087707893656e-13
   8.5468125467173252e+01
  -1.5541875217765948e+02
   1.8927390670175026e+02
  -1.5634323736122039e+02
   2.5174674637790748e+01
   7.9156778641463021e+01
  -4.2497955379762523e+01
  -2.6558804643033671e+00
   4.6746430912176454e-04
   5.7358573039136669e-02
   6.1350246294797894e-01
   2.3686600452036712e+00
   4.6467976150992891e+00
   4.5657835559412696e+00
  -9.1147809857228715e-02
  -6.9889169701985425e+00
  -1.0335910926836588e+01
  -6.9889169701985514e+00
  -9.1147809857232615e-02
   4.5657835559412696e+00
   4.6467976150992909e+00
   2.3686600452036619e+00
   6.1350246294798116e-01
   5.7358573039135115e-02
   4.6746430912173126e-04
  -2.0066790590799843e-03
  -2.2988788475660285e-01
  -2.1372622582230658e+00
  -6.3515318445822846e+00
  -6.7918654581015820e+00
   4.2895825018387095e+00
   1.9998481761507684e+01
   2.0449491825699191e+01
   2.2640955387600094e-14
  -2.0449491825699198e+01
  -1.9998481761507684e+01
  -4.2895825018387095e+00
   6.7918654581015749e+00
   6.3515318445822677e+00
   2.1372622582230725e+00
   2.2988788475659688e-01
   2.0066790590798425e-03
   6.2219191372952717e-03
   6.5939827635105941e-01
   5.1813612948951686e+00
   1.0582939558984277e+01
  -7.6744050756651738e-01
  -2.7384335416335428e+01
  -2.7122754710609989e+01
   1.6159734865869481e+01
   4.5391548606943587e+01
   1.6159734865869538e+01
  -2.7122754710609954e+01
  -2.7384335416335428e+01
  -7.6744050756654303e-01
   1.0582939558984270e+01
   5.1813612948951837e+00
   6.5939827635104287e-01
   6.2219191372948329e-03
  -1.6081245446009744e-02
  -1.5611651037699679e+00
  -1.0002460963914478e+01
  -1.0757081023250366e+01
   2.2997460682504801e+01
   4.2283155756151842e+01
  -1.5839727017518287e+01
  -6.2439990433398314e+01
  -8.4004555468183131e-14
   6.2439990433398371e+01
   1.5839727017518317e+01
  -4.2283155756151842e+01
  -2.2997460682504833e+01
   1.0757081023250423e+01
   1.0002460963914503e+01
   1.5611651037699297e+00
   1.6081245446008616e-02
   3.6724860707584663e-02
   3.2312633740925971e+00
   1.6070757077439673e+01
   8.9197320211340014e-01
  -5.2274940582069405e+01
  -1.4935511066459227e+01
   7.7854319360030075e+01
   1.0952620963237665e+01
  -8.3609915908207242e+01
   1.0952620963237568e+01
   7.7854319360030061e+01
  -1.4935511066459227e+01
  -5.2274940582069476e+01
   8.9197320211357822e-01
   1.6070757077439680e+01
   3.2312633740925230e+00
   3.6724860707582074e-02
  -7.6482424712418090e-02
  -6.0284339688417212e+00
  -2.1609449025388855e+01
   2.3331813189141890e+01
   6.5327523998915169e+01
  -5.8001126027536756e+01
  -6.4601597045925487e+01
   9.7436868707231227e+01
   1.8208808023149132e-13
  -9.7436868707231412e+01
   6.4601597045925374e+01
   5.8001126027536756e+01
  -6.5327523998915069e+01
  -2.3331813189141581e+01
   2.1609449025388844e+01
   6.0284339688415898e+00
   7.6482424712412803e-02
   1.4814435941888671e-01
   1.0326680887217378e+01
   2.3400247424905199e+01
  -5.9902590043854531e+01
  -3.5041201382311598e+01
   1.2072165075055622e+02
  -5.3427685322540654e+01
  -6.9911590897903608e+01
   1.2745576782685313e+02
  -6.9911590897903537e+01
  -5.3427685322540754e+01
   1.2072165075055622e+02
  -3.5041201382311378e+01
  -5.9902590043854133e+01
   2.3400247424905107e+01
   1.0326680887217174e+01
   1.4814435941887660e-01
  -2.7048752290878497e-01
  -1.6434366210452364e+01
  -1.7111972335627467e+01
   9.7037083700295142e+01
  -4.5604955517375210e+01
  -9.2855944887669011e+01
   1.5057991746295684e+02
  -1.0597561187624009e+02
  -3.2229876497033788e-13
   1.0597561187624045e+02
  -1.5057991746295673e+02
   9.2855944887669011e+01
   4.5604955517375473e+01
  -9.7037083700294815e+01
   1.7111972335627293e+01
   1.6434366210452062e+01
   2.7048752290876660e-01
   4.7003698870325272e-01
   2.4481252686707268e+01
  -1.6891018731943992e+00
  -1.1408870421507731e+02
   1.4413480959637934e+02
  -4.3715697656506613e+01
  -7.0555879263884393e+01
   1.4972670456281588e+02
  -1.7737412556721034e+02
   1.4972670456281588e+02
  -7.0555879263884009e+01
  -4.3715697656506613e+01
   1.4413480959637940e+02
  -1.1408870421507760e+02
  -1.6891018731946932e+00
   2.4481252686706899e+01
   4.7003698870322147e-01
  -8.4606003479115402e-05
  -2.3547493356871892e-02
  -3.8664324251295534e-01
  -1.9765045740892666e+00
  -4.7572295809019467e+00
  -5.6108421585673698e+00
  -8.3096363119611827e-01
   7.6084680225669450e+00
   1.1946531384530905e+01
   7.6084680225669574e+00
  -8.3096363119611472e-01
  -5.6108421585673698e+00
  -4.7572295809019502e+00
  -1.9765045740892564e+00
  -3.8664324251295723e-01
  -2.3547493356871146e-02
  -8.4606003479108355e-05
   3.8211707682201393e-04
   9.9664809690964209e-02
   1.4355078183587735e+00
   5.7850765582467520e+00
   8.3998868584137458e+00
  -1.8392064419372238e+00
  -2.1108773933569207e+01
  -2.4054721254912906e+01
  -2.7389630059167904e-14
   2.4054721254912920e+01
   2.1108773933569207e+01
   1.8392064419372238e+00
  -8.3998868584137441e+00
  -5.7850765582467316e+00
  -1.4355078183587797e+00
  -9.9664809690961129e-02
  -3.8211707682198222e-04
  -1.2444803690260301e-03
  -3.0184719542853161e-01
  -3.7296397482383492e+00
  -1.0934692126787624e+01
  -3.8938415827551283e+00
   2.6392853863853798e+01
   3.3296724494054935e+01
  -1.5170233620823673e+01
  -5.1333800370498679e+01
  -1.5170233620823730e+01
   3.3296724494054921e+01
   2.6392853863853798e+01
  -3.8938415827551092e+00
  -1.0934692126787596e+01
  -3.7296397482383634e+00
  -3.0184719542852251e-01
  -1.2444803690259273e-03
   3.3730843712807585e-03
   7.5464792038057849e-01
   7.7843529742442419e+00
   1.4253347796217245e+01
  -1.6112216621489939e+01
  -4.8749105773347253e+01
   8.6609155445425898e+00
   7.0198278654169272e+01
   9.9119816844594502e-14
  -7.0198278654169343e+01
  -8.6609155445426111e+00
   4.8749105773347253e+01
   1.6112216621489999e+01
  -1.4253347796217268e+01
  -7.7843529742442605e+00
  -7.5464792038055684e-01
  -3.3730843712804792e-03
  -8.0657665395110489e-03
  -1.6501346423533760e+00
  -1.3724429391977207e+01
  -1.0064531160441968e+01
   4.8915762285925368e+01
   3.1172694249908890e+01
  -8.1661856972917860e+01
  -1.9594555832888457e+01
   9.3196910960527504e+01
  -1.9594555832888354e+01
  -8.1661856972917860e+01
   3.1172694249908890e+01
   4.8915762285925425e+01
  -1.0064531160442117e+01
  -1.3724429391977234e+01
  -1.6501346423533292e+00
  -8.0657665395103897e-03
   1.7563131888243485e-02
   3.2553430750452117e+00
   2.0822297184420179e+01
  -7.7457920320697848e+00
  -7.4988685494313430e+01
   4.1964520597308756e+01
   8.4414310801468218e+01
  -1.0370764199664789e+02
  -2.1109372300678691e-13
   1.0370764199664811e+02
  -8.4414310801468034e+01
  -4.1964520597308756e+01
   7.4988685494313387e+01
   7.7457920320694864e+00
  -2.0822297184420183e+01
  -3.2553430750451251e+00
  -1.7563131888242062e-02
  -3.5522411657671449e-02
  -5.9053768714643944e+00
  -2.7074103662999018e+01
   4.1617231493336149e+01
   6.3970723011506244e+01
  -1.2501278373194563e+02
   3.5110395319636240e+01
   8.7546066524026315e+01
  -1.4048951307533915e+02
   8.7546066524026244e+01
   3.5110395319636361e+01
  -1.2501278373194563e+02
   6.3970723011506102e+01
   4.1617231493335716e+01
  -2.7074103662999008e+01
  -5.9053768714642443e+00
  -3.5522411657668576e-02
   6.7640872838436381e-02
   9.9751440241763554e+00
   2.9035398625306474e+01
  -8.5715647213791954e+01
   4.0907051448944012e+00
   1.2897213528516502e+02
  -1.6138575726146081e+02
   1.0380790898506633e+02
   3.6848066134986593e-13
  -1.0380790898506667e+02
   1.6138575726146075e+02
  -1.2897213528516502e+02
  -4.0907051448947209e+00
   8.5715647213791513e+01
  -2.9035398625306406e+01
  -9.9751440241761191e+00
  -6.7640872838431024e-02
   1.4847060548582395e-05
   9.3696514058575747e-03
   2.3599039658898618e-01
   1.5946513752697358e+00
   4.6902290539825007e+00
   6.5404209817758350e+00
   1.8767838072530394e+00
  -8.1428512050160808e+00
  -1.3601724324586598e+01
  -8.1428512050160968e+00
   1.8767838072530327e+00
   6.5404209817758350e+00
   4.6902290539825033e+00
   1.5946513752697260e+00
   2.3599039658898752e-01
   9.3696514058572364e-03
   1.4847060548580983e-05
  -7.0217614410926374e-05
  -4.1645002091037567e-02
  -9.2641843350212127e-01
  -5.0202834641258232e+00
  -9.4918999177578112e+00
  -7.9497133524780572e-01
   2.1748331110495457e+01
   2.7765904889665233e+01
   3.2519117340549143e-14
  -2.7765904889665247e+01
  -2.1748331110495460e+01
   7.9497133524780572e-01
   9.4918999177578076e+00
   5.0202834641257956e+00
   9.2641843350212560e-01
   4.1645002091036075e-02
   7.0217614410919706e-05
   2.3912548680795286e-04
   1.3240507134047752e-01
   2.5540427951219562e+00
   1.0442912277756450e+01
   8.0021643683651593e+00
  -2.4221156804428770e+01
  -3.9251543896027400e+01
   1.3640886438910847e+01
   5.7415038655550504e+01
   1.3640886438910915e+01
  -3.9251543896027385e+01
  -2.4221156804428770e+01
   8.0021643683651540e+00
   1.0442912277756422e+01
   2.5540427951219660e+00
   1.3240507134047291e-01
   2.3912548680793012e-04
  -6.7678455248353640e-04
  -3.4744432406943249e-01
  -5.6866819572178491e+00
  -1.5849386790659899e+01
   8.5934271567676852e+00
   5.3175750000833723e+01
  -2.2620260228355371e-01
  -7.7730989283966053e+01
  -1.1528644446294878e-13
   7.7730989283966153e+01
   2.2620260228362049e-01
  -5.3175750000833723e+01
  -8.5934271567677438e+00
   1.5849386790659905e+01
   5.6866819572178660e+00
   3.4744432406942077e-01
   6.7678455248347264e-04
   1.6876430489038967e-03
   7.9745749641914698e-01
   1.0785323841579361e+01
   1.6502081579798819e+01
  -4.2068152827059052e+01
  -4.6706060278689399e+01
   8.2934227742903317e+01
   2.9256308987984678e+01
  -1.0297889874361270e+02
   2.9256308987984585e+01
   8.2934227742903275e+01
  -4.6706060278689399e+01
  -4.2068152827059123e+01
   1.6502081579798897e+01
   1.0785323841579386e+01
   7.9745749641912089e-01
   1.6876430489037391e-03
  -3.8274407741436668e-03
  -1.6518732161208014e+00
  -1.7848959839976740e+01
  -5.8155460766752123e+00
   7.8029882014938337e+01
  -2.2103353107738233e+01
  -1.0345243745262283e+02
   1.0871054845653921e+02
   2.4189471595202653e-13
  -1.0871054845653947e+02
   1.0345243745262268e+02
   2.2103353107738233e+01
  -7.8029882014938366e+01
   5.8155460766754237e+00
   1.7848959839976779e+01
   1.6518732161207488e+00
   3.8274407741433094e-03
   8.0533304162473170e-03
   3.1485558176750783e+00
   2.5970841338892935e+01
  -2.1617486908019416e+01
  -8.6394138921520096e+01
   1.2080180427634539e+02
  -1.2805745301868626e+01
  -1.0596884669273503e+02
   1.5375692440641143e+02
  -1.0596884669273496e+02
  -1.2805745301868866e+01
   1.2080180427634539e+02
  -8.6394138921519883e+01
  -2.1617486908018943e+01
   2.5970841338892967e+01
   3.1485558176749815e+00
   8.0533304162465780e-03
  -2.5418781643108613e-06
  -3.6363820908842282e-03
  -1.4041316529235193e-01
  -1.2527718637125098e+00
  -4.4907254120866806e+00
  -7.3352065999056650e+00
  -3.0199266895789565e+00
   8.5901097076551896e+00
   1.5298161141836436e+01
   8.5901097076552055e+00
  -3.0199266895789525e+00
  -7.3352065999056650e+00
  -4.4907254120866833e+00
  -1.2527718637125014e+00
  -1.4041316529235273e-01
  -3.6363820908840798e-03
  -2.5418781643105885e-06
   1.2539186361320332e-05
   1.6896197035718166e-02
   5.7930918480004212e-01
   4.1985841561591180e+00
   1.0104445879001812e+01
   3.4801717754922334e+00
  -2.1926363837139260e+01
  -3.1555787296014891e+01
  -3.8020220938184812e-14
   3.1555787296014913e+01
   2.1926363837139260e+01
  -3.4801717754922334e+00
  -1.0104445879001824e+01
  -4.1985841561590949e+00
  -5.7930918480004501e-01
  -1.6896197035717479e-02
  -1.2539186361318987e-05
  -4.4485382372081194e-05
  -5.6134609633125714e-02
  -1.6824886989047148e+00
  -9.4364378258764354e+00
  -1.1364757011228797e+01
   2.1086539797793730e+01
   4.4847762559938552e+01
  -1.1587732507868372e+01
  -6.3626442930819678e+01
  -1.1587732507868452e+01
   4.4847762559938516e+01
   2.1086539797793730e+01
  -1.1364757011228784e+01
  -9.4364378258764052e+00
  -1.6824886989047223e+00
  -5.6134609633123493e-02
  -4.4485382372076464e-05
   1.3100484587941593e-04
   1.5388053060713333e-01
   3.9600778895176481e+00
   1.5963993623182807e+01
  -1.1568884252389680e+00
  -5.5503267737262249e+01
  -9.2071324559197727e+00
   8.4966943035444601e+01
   1.3248215960668844e-13
  -8.4966943035444743e+01
   9.2071324559196857e+00
   5.5503267737262249e+01
   1.1568884252390237e+00
  -1.5963993623182770e+01
  -3.9600778895176618e+00
  -1.5388053060712736e-01
  -1.3100484587940208e-04
  -3.3951929907089960e-04
  -3.6890731268025179e-01
  -7.9805889757279438e+00
  -2.0252816878851636e+01
   3.2903787653213833e+01
   6.0708296970448330e+01
  -8.1649906679001234e+01
  -3.9843473029869216e+01
   1.1294517891714264e+02
  -3.9843473029869116e+01
  -8.1649906679001219e+01
   6.0708296970448330e+01
   3.2903787653213897e+01
  -2.0252816878851647e+01
  -7.9805889757279767e+00
  -3.6890731268023791e-01
  -3.3951929907086376e-04
   7.9940672983711914e-04
   7.9820837436052017e-01
   1.4145929462135209e+01
   1.6201520672124783e+01
  -7.5162737588430659e+01
  -1.5476675479980695e-01
   1.2106653724525221e+02
  -1.1236918399894299e+02
  -2.7445691125775981e-13
   1.1236918399894324e+02
  -1.2106653724525205e+02
   1.5476675479980695e-01
   7.5162737588430659e+01
  -1.6201520672124971e+01
  -1.4145929462135253e+01
  -7.9820837436049108e-01
  -7.9940672983703543e-04
   4.2647643047595894e-07
   1.3828132636626977e-03
   8.1827179451981438e-02
   9.6317044098058169e-01
   4.2000508598652466e+00
   7.9865039534491533e+00
   4.2360460497407377e+00
  -8.9491711522098711e+00
  -1.7033040363805693e+01
  -8.9491711522098907e+00
   4.2360460497407333e+00
   7.9865039534491533e+00
   4.2000508598652502e+00
   9.6317044098057458e-01
   8.1827179451981938e-02
   1.3828132636626346e-03
   4.2647643047590801e-07
  -2.1871889541148775e-06
  -6.6918214919180468e-03
  -3.5310650711682062e-01
  -3.4101802984533043e+00
  -1.0303663888119150e+01
  -6.1085614915148252e+00
   2.1661936493206397e+01
   3.5399825473510781e+01
   4.3884757665937299e-14
  -3.5399825473510809e+01
  -2.1661936493206401e+01
   6.1085614915148252e+00
   1.0303663888119152e+01
   3.4101802984532834e+00
   3.5310650711682279e-01
   6.6918214919177467e-03
   2.1871889541146179e-06
   8.0581857026996384e-06
   2.3144941006150554e-02
   1.0744053280608292e+00
   8.1802124367432558e+00
   1.3909215715385054e+01
  -1.7216883873814893e+01
  -4.9973642831352102e+01
   9.0291329984819519e+00
   6.9960385229336651e+01
   9.0291329984820372e+00
  -4.9973642831352038e+01
  -1.7216883873814893e+01
   1.3909215715385036e+01
   8.1802124367432150e+00
   1.0744053280608346e+00
   2.3144941006149528e-02
   8.0581857026986847e-06
  -2.4618022514607055e-05
  -6.6027855610424013e-02
  -2.6555824611552081e+00
  -1.5056894345970818e+01
  -5.6785545464399059e+00
   5.5802530944320843e+01
   1.9383515254530522e+01
  -9.1844158072254999e+01
  -1.5068686173502774e-13
   9.1844158072255141e+01
  -1.9383515254530423e+01
  -5.5802530944320843e+01
   5.6785545464398632e+00
   1.5056894345970756e+01
   2.6555824611552215e+00
   6.6027855610421127e-02
   2.4618022514604127e-05
   6.6120992209845139e-05
   1.6469308432741345e-01
   5.6389774429189474e+00
   2.1728415865700484e+01
  -2.2531434974107331e+01
  -7.2576588514920317e+01
   7.7867490885583663e+01
   5.1261300745739312e+01
  -1.2308629390915553e+02
   5.1261300745739227e+01
   7.7867490885583706e+01
  -7.2576588514920317e+01
  -2.2531434974107412e+01
   2.1728415865700466e+01
   5.6389774429189741e+00
   1.6469308432740645e-01
   6.6120992209837401e-05
  -7.0359536648169199e-08
  -5.1699544900195619e-04
  -4.6869297469574064e-02
  -7.2740364616011199e-01
  -3.8534079866825222e+00
  -8.4935837489312114e+00
  -5.5029833383574962e+00
   9.2196557223706375e+00
   1.8803967414955217e+01
   9.2196557223706623e+00
  -5.5029833383574864e+00
  -8.4935837489312114e+00
  -3.8534079866825257e+00
  -7.2740364616010589e-01
  -4.6869297469574397e-02
  -5.1699544900193027e-04
  -7.0359536648159961e-08
   3.7408281633989650e-07
   2.5975760291626470e-03
   2.1071886148292901e-01
   2.7047312525168552e+00
   1.0168126194745533e+01
   8.5965462485921051e+00
  -2.0981260651859039e+01
  -3.9275840779402671e+01
  -5.0105372679662860e-14
   3.9275840779402706e+01
   2.0981260651859049e+01
  -8.5965462485921051e+00
  -1.0168126194745536e+01
  -2.7047312525168348e+00
  -2.1071886148293034e-01
  -2.5975760291625186e-03
  -3.7408281633984769e-07
  -1.4274290485882222e-06
  -9.3237262153121302e-03
  -6.6877936008950112e-01
  -6.8641553451779282e+00
  -1.5649444766147750e+01
   1.2834141366274771e+01
   5.4542645395936461e+01
  -5.9851971586348620e+00
  -7.6410197067552090e+01
  -5.9851971586349491e+00
   5.4542645395936411e+01
   1.2834141366274771e+01
  -1.5649444766147743e+01
  -6.8641553451778847e+00
  -6.6877936008950523e-01
  -9.3237262153116705e-03
  -1.4274290485880361e-06
   4.5123555135501581e-06
   2.7593694015826387e-02
   1.7270690886374798e+00
   1.3539308582848074e+01
   1.1581051832951200e+01
  -5.4238667270525248e+01
  -3.0056396133827601e+01
   9.8308825059760011e+01
   1.6988227214000077e-13
  -9.8308825059760153e+01
   3.0056396133827484e+01
   5.4238667270525248e+01
  -1.1581051832951136e+01
  -1.3539308582848010e+01
  -1.7270690886374904e+00
  -2.7593694015825048e-02
  -4.5123555135495720e-06
   1.1443585107962469e-08
   1.9053562361072632e-04
   2.6457423649651816e-02
   5.4115083480991411e-01
   3.4790786977362749e+00
   8.8614737511919142e+00
   6.8008059363671540e+00
  -9.4017342744444949e+00
  -2.0608868901457008e+01
  -9.4017342744445234e+00
   6.8008059363671389e+00
   8.8614737511919142e+00
   3.4790786977362811e+00
   5.4115083480990889e-01
   2.6457423649652020e-02
   1.9053562361071583e-04
   1.1443585107960829e-08
  -6.2922143025959801e-08
  -9.9128197251384040e-04
  -1.2352500646292794e-01
  -2.1032635239846353e+00
  -9.7773956794480590e+00
  -1.0882749924549501e+01
   1.9915544727835602e+01
   4.3163741152229854e+01
   5.6675399775363331e-14
  -4.3163741152229896e+01
  -1.9915544727835616e+01
   1.0882749924549501e+01
   9.7773956794480661e+00
   2.1032635239846180e+00
   1.2352500646292888e-01
   9.9128197251378662e-04
   6.2922143025950802e-08
   2.4809388469098153e-07
   3.6827534129855264e-03
   4.0747293226416448e-01
   5.6101729418330795e+00
   1.6655388930996214e+01
  -8.1434767548202363e+00
  -5.8490813753911119e+01
   2.4773337237309336e+00
   8.2969993856772234e+01
   2.4773337237310207e+00
  -5.8490813753911084e+01
  -8.1434767548202363e+00
   1.6655388930996196e+01
   5.6101729418330386e+00
   4.0747293226416759e-01
   3.6827534129853273e-03
   2.4809388469094622e-07
  -1.8386326580601609e-09
  -6.9362404110735317e-05
  -1.4749877721489611e-02
  -3.9745601057620811e-01
  -3.0986427882511220e+00
  -9.0991653708818117e+00
  -8.1117741140846924e+00
   9.4960205584986745e+00
   2.2445929758624580e+01
   9.4960205584987030e+00
  -8.1117741140846782e+00
  -9.0991653708818117e+00
  -3.0986427882511247e+00
  -3.9745601057620400e-01
  -1.4749877721489746e-02
  -6.9362404110731156e-05
  -1.8386326580598755e-09
   1.0433028216715645e-08
   3.7280435397894323e-04
   7.1316495882734435e-02
   1.6084887595586133e+00
   9.2050602443095659e+00
   1.2925325174848529e+01
  -1.8499281815446874e+01
  -4.7045294357126139e+01
  -6.3588753369003636e-14
   4.7045294357126181e+01
   1.8499281815446896e+01
  -1.2925325174848529e+01
  -9.2050602443095713e+00
  -1.6084887595585982e+00
  -7.1316495882735031e-02
  -3.7280435397892122e-04
  -1.0433028216714029e-08
   2.9229914282754074e-10
   2.4982944743855801e-05
   8.1346646364152519e-03
   2.8870084321071765e-01
   2.7277207526272416e+00
   9.2181892074340546e+00
   9.4202618937803262e+00
  -9.5034875058354142e+00
  -2.4313546051576967e+01
  -9.5034875058354427e+00
   9.4202618937803138e+00
   9.2181892074340546e+00
   2.7277207526272464e+00
   2.8870084321071443e-01
   8.1346646364153299e-03
   2.4982944743854202e-05
   2.9229914282749199e-10
