   8.6289827768741931e-02
   8.4631792924112020e-02
   7.9721405739464749e-02
   7.1747369640529260e-02
   6.1016122362696677e-02
   4.7940059720701304e-02
   3.3021687468734601e-02
   1.6834310286120115e-02
   5.2837280687983099e-18
  -1.6834310286120105e-02
  -3.3021687468734594e-02
  -4.7940059720701277e-02
  -6.1016122362696670e-02
  -7.1747369640529260e-02
  -7.9721405739464749e-02
  -8.4631792924112020e-02
  -8.6289827768741931e-02
  -8.4631792924112020e-02
  -7.9721405739464749e-02
  -7.1747369640529274e-02
  -6.1016122362696684e-02
  -4.7940059720701290e-02
  -3.3021687468734649e-02
  -1.6834310286120143e-02
  -1.5851184206394929e-17
   1.6834310286120112e-02
   3.3021687468734615e-02
   4.7940059720701263e-02
   6.1016122362696656e-02
   7.1747369640529260e-02
   7.9721405739464721e-02
   8.4631792924112006e-02
   1.9541788854071845e-01
   1.9166298860821579e-01
   1.8054258750934171e-01
   1.6248403602193318e-01
   1.3818131415229895e-01
   1.0856836187276563e-01
   7.4783188332300701e-02
   3.8124138803120634e-02
   1.1965894584876254e-17
  -3.8124138803120614e-02
  -7.4783188332300674e-02
  -1.0856836187276556e-01
  -1.3818131415229892e-01
  -1.6248403602193320e-01
  -1.8054258750934171e-01
  -1.9166298860821579e-01
  -1.9541788854071845e-01
  -1.9166298860821579e-01
  -1.8054258750934171e-01
  -1.6248403602193320e-01
  -1.3818131415229898e-01
  -1.0856836187276560e-01
  -7.4783188332300798e-02
  -3.8124138803120704e-02
  -3.5897683754628758e-17
   3.8124138803120634e-02
   7.4783188332300729e-02
   1.0856836187276553e-01
   1.3818131415229890e-01
   1.6248403602193318e-01
   1.8054258750934166e-01
   1.9166298860821576e-01
   2.9895410667598626e-01
   2.9320978734390446e-01
   2.7619758031813951e-01
   2.4857125517413606e-01
   2.1139247609415643e-01
   1.6609000270814472e-01
   1.1440478366240564e-01
   5.8323052939462140e-02
   1.8305659491635147e-17
  -5.8323052939462099e-02
  -1.1440478366240561e-01
  -1.6609000270814464e-01
  -2.1139247609415640e-01
  -2.4857125517413609e-01
  -2.7619758031813951e-01
  -2.9320978734390446e-01
  -2.9895410667598626e-01
  -2.9320978734390446e-01
  -2.7619758031813957e-01
  -2.4857125517413611e-01
  -2.1139247609415646e-01
  -1.6609000270814470e-01
  -1.1440478366240579e-01
  -5.8323052939462237e-02
  -5.4916978474905438e-17
   5.8323052939462133e-02
   1.1440478366240570e-01
   1.6609000270814459e-01
   2.1139247609415635e-01
   2.4857125517413606e-01
   2.7619758031813946e-01
   2.9320978734390440e-01
   3.9304925074851027e-01
   3.8549691960765725e-01
   3.6313015803544518e-01
   3.2680850813566970e-01
   2.7792779054456335e-01
   2.1836646382652994e-01
   1.5041343636496676e-01
   7.6680104896724832e-02
   2.4067325341821427e-17
  -7.6680104896724791e-02
  -1.5041343636496673e-01
  -2.1836646382652980e-01
  -2.7792779054456329e-01
  -3.2680850813566975e-01
  -3.6313015803544518e-01
  -3.8549691960765725e-01
  -3.9304925074851027e-01
  -3.8549691960765725e-01
  -3.6313015803544524e-01
  -3.2680850813566981e-01
  -2.7792779054456335e-01
  -2.1836646382652988e-01
  -1.5041343636496696e-01
  -7.6680104896724971e-02
  -7.2201976025464274e-17
   7.6680104896724832e-02
   1.5041343636496682e-01
   2.1836646382652977e-01
   2.7792779054456324e-01
   3.2680850813566970e-01
   3.6313015803544513e-01
   3.8549691960765725e-01
   4.7458224337852378e-01
   4.6546327864639958e-01
   4.3845682115070828e-01
   3.9460071390761331e-01
   3.3558032252367870e-01
   2.6366376754077209e-01
   1.8161476183561792e-01
   9.2586402683852792e-02
   2.9059781264283966e-17
  -9.2586402683852723e-02
  -1.8161476183561787e-01
  -2.6366376754077192e-01
  -3.3558032252367864e-01
  -3.9460071390761337e-01
  -4.3845682115070828e-01
  -4.6546327864639958e-01
  -4.7458224337852378e-01
  -4.6546327864639958e-01
  -4.3845682115070833e-01
  -3.9460071390761342e-01
  -3.3558032252367875e-01
  -2.6366376754077203e-01
  -1.8161476183561814e-01
  -9.2586402683852945e-02
  -8.7179343792851887e-17
   9.2586402683852778e-02
   1.8161476183561798e-01
   2.6366376754077187e-01
   3.3558032252367859e-01
   3.9460071390761331e-01
   4.3845682115070816e-01
   4.6546327864639953e-01
   5.4090128969334839e-01
   5.3050802308235967e-01
   4.9972763065664277e-01
   4.4974298563527509e-01
   3.8247496989471585e-01
   3.0050865555553696e-01
   2.0699396211055435e-01
   1.0552460678521446e-01
   3.3120651653881717e-17
  -1.0552460678521437e-01
  -2.0699396211055429e-01
  -3.0050865555553680e-01
  -3.8247496989471580e-01
  -4.4974298563527515e-01
  -4.9972763065664277e-01
  -5.3050802308235967e-01
  -5.4090128969334839e-01
  -5.3050802308235967e-01
  -4.9972763065664283e-01
  -4.4974298563527521e-01
  -3.8247496989471591e-01
  -3.0050865555553691e-01
  -2.0699396211055462e-01
  -1.0552460678521464e-01
  -9.9361954961645146e-17
   1.0552460678521444e-01
   2.0699396211055443e-01
   3.0050865555553674e-01
   3.8247496989471574e-01
   4.4974298563527509e-01
   4.9972763065664266e-01
   5.3050802308235956e-01
   5.8986178632504638e-01
   5.7852775749996099e-01
   5.4496123139625641e-01
   4.9045215078777310e-01
   4.1709526907325067e-01
   3.2770965007796488e-01
   2.2573033301187195e-01
   1.1507632583916198e-01
   3.6118617428115399e-17
  -1.1507632583916190e-01
  -2.2573033301187190e-01
  -3.2770965007796465e-01
  -4.1709526907325056e-01
  -4.9045215078777316e-01
  -5.4496123139625641e-01
  -5.7852775749996099e-01
  -5.8986178632504638e-01
  -5.7852775749996099e-01
  -5.4496123139625641e-01
  -4.9045215078777321e-01
  -4.1709526907325073e-01
  -3.2770965007796482e-01
  -2.2573033301187226e-01
  -1.1507632583916218e-01
  -1.0835585228434620e-16
   1.1507632583916197e-01
   2.2573033301187206e-01
   3.2770965007796460e-01
   4.1709526907325051e-01
   4.9045215078777310e-01
   5.4496123139625618e-01
   5.7852775749996099e-01
   6.1988395224569259e-01
   6.0797305592075435e-01
   5.7269809601199928e-01
   5.1541466944629544e-01
   4.3832414618164728e-01
   3.4438907179425143e-01
   2.3721931851341907e-01
   1.2093335985624248e-01
   3.7956944898024912e-17
  -1.2093335985624240e-01
  -2.3721931851341901e-01
  -3.4438907179425127e-01
  -4.3832414618164717e-01
  -5.1541466944629555e-01
  -5.7269809601199928e-01
  -6.0797305592075435e-01
  -6.1988395224569259e-01
  -6.0797305592075435e-01
  -5.7269809601199928e-01
  -5.1541466944629566e-01
  -4.3832414618164733e-01
  -3.4438907179425138e-01
  -2.3721931851341940e-01
  -1.2093335985624269e-01
  -1.1387083469407472e-16
   1.2093335985624247e-01
   2.3721931851341918e-01
   3.4438907179425116e-01
   4.3832414618164711e-01
   5.1541466944629544e-01
   5.7269809601199917e-01
   6.0797305592075424e-01
   6.3000000000000000e-01
   6.1789472665403522e-01
   5.8204410548211061e-01
   5.2382585575060348e-01
   4.4547727214752497e-01
   3.5000924680234946e-01
   2.4109056239000659e-01
   1.2290690287016084e-01
   3.8576374173141627e-17
  -1.2290690287016076e-01
  -2.4109056239000654e-01
  -3.5000924680234924e-01
  -4.4547727214752492e-01
  -5.2382585575060359e-01
  -5.8204410548211061e-01
  -6.1789472665403522e-01
  -6.3000000000000000e-01
  -6.1789472665403522e-01
  -5.8204410548211072e-01
  -5.2382585575060370e-01
  -4.4547727214752503e-01
  -3.5000924680234935e-01
  -2.4109056239000692e-01
  -1.2290690287016105e-01
  -1.1572912251942488e-16
   1.2290690287016083e-01
   2.4109056239000670e-01
   3.5000924680234918e-01
   4.4547727214752486e-01
   5.2382585575060348e-01
   5.8204410548211050e-01
   6.1789472665403511e-01
   6.1988395224569259e-01
   6.0797305592075435e-01
   5.7269809601199928e-01
   5.1541466944629544e-01
   4.3832414618164728e-01
   3.4438907179425143e-01
   2.3721931851341907e-01
   1.2093335985624248e-01
   3.7956944898024912e-17
  -1.2093335985624240e-01
  -2.3721931851341901e-01
  -3.4438907179425127e-01
  -4.3832414618164717e-01
  -5.1541466944629555e-01
  -5.7269809601199928e-01
  -6.0797305592075435e-01
  -6.1988395224569259e-01
  -6.0797305592075435e-01
  -5.7269809601199928e-01
  -5.1541466944629566e-01
  -4.3832414618164733e-01
  -3.4438907179425138e-01
  -2.3721931851341940e-01
  -1.2093335985624269e-01
  -1.1387083469407472e-16
   1.2093335985624247e-01
   2.3721931851341918e-01
   3.4438907179425116e-01
   4.3832414618164711e-01
   5.1541466944629544e-01
   5.7269809601199917e-01
   6.0797305592075424e-01
   5.8986178632504638e-01
   5.7852775749996099e-01
   5.4496123139625641e-01
   4.9045215078777310e-01
   4.1709526907325067e-01
   3.2770965007796488e-01
   2.2573033301187195e-01
   1.1507632583916198e-01
   3.6118617428115399e-17
  -1.1507632583916190e-01
  -2.2573033301187190e-01
  -3.2770965007796465e-01
  -4.1709526907325056e-01
  -4.9045215078777316e-01
  -5.4496123139625641e-01
  -5.7852775749996099e-01
  -5.8986178632504638e-01
  -5.7852775749996099e-01
  -5.4496123139625641e-01
  -4.9045215078777321e-01
  -4.1709526907325073e-01
  -3.2770965007796482e-01
  -2.2573033301187226e-01
  -1.1507632583916218e-01
  -1.0835585228434620e-16
   1.1507632583916197e-01
   2.2573033301187206e-01
   3.2770965007796460e-01
   4.1709526907325051e-01
   4.9045215078777310e-01
   5.4496123139625618e-01
   5.7852775749996099e-01
   5.4090128969334839e-01
   5.3050802308235967e-01
   4.9972763065664277e-01
   4.4974298563527509e-01
   3.8247496989471585e-01
   3.0050865555553696e-01
   2.0699396211055435e-01
   1.0552460678521446e-01
   3.3120651653881717e-17
  -1.0552460678521437e-01
  -2.0699396211055429e-01
  -3.0050865555553680e-01
  -3.8247496989471580e-01
  -4.4974298563527515e-01
  -4.9972763065664277e-01
  -5.3050802308235967e-01
  -5.4090128969334839e-01
  -5.3050802308235967e-01
  -4.9972763065664283e-01
  -4.4974298563527521e-01
  -3.8247496989471591e-01
  -3.0050865555553691e-01
  -2.0699396211055462e-01
  -1.0552460678521464e-01
  -9.9361954961645146e-17
   1.0552460678521444e-01
   2.0699396211055443e-01
   3.0050865555553674e-01
   3.8247496989471574e-01
   4.4974298563527509e-01
   4.9972763065664266e-01
   5.3050802308235956e-01
   4.7458224337852378e-01
   4.6546327864639958e-01
   4.3845682115070828e-01
   3.9460071390761331e-01
   3.3558032252367870e-01
   2.6366376754077209e-01
   1.8161476183561792e-01
   9.2586402683852792e-02
   2.9059781264283966e-17
  -9.2586402683852723e-02
  -1.8161476183561787e-01
  -2.6366376754077192e-01
  -3.3558032252367864e-01
  -3.9460071390761337e-01
  -4.3845682115070828e-01
  -4.6546327864639958e-01
  -4.7458224337852378e-01
  -4.6546327864639958e-01
  -4.3845682115070833e-01
  -3.9460071390761342e-01
  -3.3558032252367875e-01
  -2.6366376754077203e-01
  -1.8161476183561814e-01
  -9.2586402683852945e-02
  -8.7179343792851887e-17
   9.2586402683852778e-02
   1.8161476183561798e-01
   2.6366376754077187e-01
   3.3558032252367859e-01
   3.9460071390761331e-01
   4.3845682115070816e-01
   4.6546327864639953e-01
   3.9304925074850999e-01
   3.8549691960765703e-01
   3.6313015803544491e-01
   3.2680850813566947e-01
   2.7792779054456312e-01
   2.1836646382652980e-01
   1.5041343636496665e-01
   7.6680104896724791e-02
   2.4067325341821408e-17
  -7.6680104896724735e-02
  -1.5041343636496662e-01
  -2.1836646382652966e-01
  -2.7792779054456307e-01
  -3.2680850813566953e-01
  -3.6313015803544491e-01
  -3.8549691960765703e-01
  -3.9304925074850999e-01
  -3.8549691960765703e-01
  -3.6313015803544496e-01
  -3.2680850813566958e-01
  -2.7792779054456318e-01
  -2.1836646382652974e-01
  -1.5041343636496685e-01
  -7.6680104896724915e-02
  -7.2201976025464224e-17
   7.6680104896724777e-02
   1.5041343636496673e-01
   2.1836646382652961e-01
   2.7792779054456301e-01
   3.2680850813566947e-01
   3.6313015803544485e-01
   3.8549691960765697e-01
   2.9895410667598649e-01
   2.9320978734390468e-01
   2.7619758031813973e-01
   2.4857125517413622e-01
   2.1139247609415657e-01
   1.6609000270814486e-01
   1.1440478366240572e-01
   5.8323052939462182e-02
   1.8305659491635163e-17
  -5.8323052939462140e-02
  -1.1440478366240570e-01
  -1.6609000270814475e-01
  -2.1139247609415654e-01
  -2.4857125517413628e-01
  -2.7619758031813973e-01
  -2.9320978734390468e-01
  -2.9895410667598649e-01
  -2.9320978734390468e-01
  -2.7619758031813979e-01
  -2.4857125517413631e-01
  -2.1139247609415662e-01
  -1.6609000270814481e-01
  -1.1440478366240588e-01
  -5.8323052939462286e-02
  -5.4916978474905481e-17
   5.8323052939462175e-02
   1.1440478366240578e-01
   1.6609000270814472e-01
   2.1139247609415651e-01
   2.4857125517413622e-01
   2.7619758031813968e-01
   2.9320978734390463e-01
   1.9541788854071765e-01
   1.9166298860821498e-01
   1.8054258750934096e-01
   1.6248403602193251e-01
   1.3818131415229837e-01
   1.0856836187276517e-01
   7.4783188332300382e-02
   3.8124138803120482e-02
   1.1965894584876205e-17
  -3.8124138803120454e-02
  -7.4783188332300368e-02
  -1.0856836187276511e-01
  -1.3818131415229837e-01
  -1.6248403602193251e-01
  -1.8054258750934096e-01
  -1.9166298860821498e-01
  -1.9541788854071765e-01
  -1.9166298860821498e-01
  -1.8054258750934099e-01
  -1.6248403602193254e-01
  -1.3818131415229840e-01
  -1.0856836187276515e-01
  -7.4783188332300479e-02
  -3.8124138803120544e-02
  -3.5897683754628610e-17
   3.8124138803120475e-02
   7.4783188332300424e-02
   1.0856836187276508e-01
   1.3818131415229834e-01
   1.6248403602193251e-01
   1.8054258750934091e-01
   1.9166298860821496e-01
   8.6289827768740793e-02
   8.4631792924110896e-02
   7.9721405739463694e-02
   7.1747369640528302e-02
   6.1016122362695872e-02
   4.7940059720700673e-02
   3.3021687468734170e-02
   1.6834310286119893e-02
   5.2837280687982406e-18
  -1.6834310286119883e-02
  -3.3021687468734157e-02
  -4.7940059720700645e-02
  -6.1016122362695865e-02
  -7.1747369640528316e-02
  -7.9721405739463694e-02
  -8.4631792924110896e-02
  -8.6289827768740793e-02
  -8.4631792924110896e-02
  -7.9721405739463708e-02
  -7.1747369640528330e-02
  -6.1016122362695879e-02
  -4.7940059720700659e-02
  -3.3021687468734212e-02
  -1.6834310286119921e-02
  -1.5851184206394719e-17
   1.6834310286119890e-02
   3.3021687468734184e-02
   4.7940059720700631e-02
   6.1016122362695852e-02
   7.1747369640528302e-02
   7.9721405739463680e-02
   8.4631792924110882e-02
   0.0000000000000000e+00
   1.6834310286120108e-02
   3.3021687468734601e-02
   4.7940059720701290e-02
   6.1016122362696670e-02
   7.1747369640529260e-02
   7.9721405739464749e-02
   8.4631792924112020e-02
   8.6289827768741931e-02
   8.4631792924112020e-02
   7.9721405739464749e-02
   7.1747369640529260e-02
   6.1016122362696677e-02
   4.7940059720701290e-02
   3.3021687468734608e-02
   1.6834310286120140e-02
   1.0567456137596620e-17
  -1.6834310286120119e-02
  -3.3021687468734587e-02
  -4.7940059720701277e-02
  -6.1016122362696670e-02
  -7.1747369640529260e-02
  -7.9721405739464721e-02
  -8.4631792924112006e-02
  -8.6289827768741931e-02
  -8.4631792924112020e-02
  -7.9721405739464735e-02
  -7.1747369640529274e-02
  -6.1016122362696684e-02
  -4.7940059720701290e-02
  -3.3021687468734649e-02
  -1.6834310286120150e-02
   0.0000000000000000e+00
   3.8124138803120620e-02
   7.4783188332300687e-02
   1.0856836187276560e-01
   1.3818131415229892e-01
   1.6248403602193318e-01
   1.8054258750934171e-01
   1.9166298860821579e-01
   1.9541788854071845e-01
   1.9166298860821579e-01
   1.8054258750934171e-01
   1.6248403602193320e-01
   1.3818131415229895e-01
   1.0856836187276560e-01
   7.4783188332300701e-02
   3.8124138803120690e-02
   2.3931789169752508e-17
  -3.8124138803120641e-02
  -7.4783188332300660e-02
  -1.0856836187276556e-01
  -1.3818131415229892e-01
  -1.6248403602193318e-01
  -1.8054258750934166e-01
  -1.9166298860821576e-01
  -1.9541788854071845e-01
  -1.9166298860821579e-01
  -1.8054258750934168e-01
  -1.6248403602193320e-01
  -1.3818131415229898e-01
  -1.0856836187276560e-01
  -7.4783188332300798e-02
  -3.8124138803120711e-02
   0.0000000000000000e+00
   5.8323052939462112e-02
   1.1440478366240563e-01
   1.6609000270814470e-01
   2.1139247609415640e-01
   2.4857125517413606e-01
   2.7619758031813951e-01
   2.9320978734390446e-01
   2.9895410667598626e-01
   2.9320978734390446e-01
   2.7619758031813951e-01
   2.4857125517413609e-01
   2.1139247609415643e-01
   1.6609000270814470e-01
   1.1440478366240565e-01
   5.8323052939462224e-02
   3.6611318983270294e-17
  -5.8323052939462147e-02
  -1.1440478366240560e-01
  -1.6609000270814464e-01
  -2.1139247609415640e-01
  -2.4857125517413606e-01
  -2.7619758031813946e-01
  -2.9320978734390440e-01
  -2.9895410667598626e-01
  -2.9320978734390446e-01
  -2.7619758031813951e-01
  -2.4857125517413611e-01
  -2.1139247609415646e-01
  -1.6609000270814470e-01
  -1.1440478366240581e-01
  -5.8323052939462258e-02
   0.0000000000000000e+00
   7.6680104896724804e-02
   1.5041343636496673e-01
   2.1836646382652988e-01
   2.7792779054456329e-01
   3.2680850813566970e-01
   3.6313015803544518e-01
   3.8549691960765725e-01
   3.9304925074851027e-01
   3.8549691960765725e-01
   3.6313015803544518e-01
   3.2680850813566975e-01
   2.7792779054456335e-01
   2.1836646382652988e-01
   1.5041343636496679e-01
   7.6680104896724943e-02
   4.8134650683642853e-17
  -7.6680104896724846e-02
  -1.5041343636496671e-01
  -2.1836646382652980e-01
  -2.7792779054456329e-01
  -3.2680850813566970e-01
  -3.6313015803544513e-01
  -3.8549691960765725e-01
  -3.9304925074851027e-01
  -3.8549691960765725e-01
  -3.6313015803544513e-01
  -3.2680850813566981e-01
  -2.7792779054456335e-01
  -2.1836646382652988e-01
  -1.5041343636496698e-01
  -7.6680104896724985e-02
   0.0000000000000000e+00
   9.2586402683852750e-02
   1.8161476183561789e-01
   2.6366376754077203e-01
   3.3558032252367864e-01
   3.9460071390761331e-01
   4.3845682115070828e-01
   4.6546327864639958e-01
   4.7458224337852378e-01
   4.6546327864639958e-01
   4.3845682115070828e-01
   3.9460071390761337e-01
   3.3558032252367870e-01
   2.6366376754077203e-01
   1.8161476183561795e-01
   9.2586402683852931e-02
   5.8119562528567933e-17
  -9.2586402683852806e-02
  -1.8161476183561784e-01
  -2.6366376754077192e-01
  -3.3558032252367864e-01
  -3.9460071390761331e-01
  -4.3845682115070816e-01
  -4.6546327864639953e-01
  -4.7458224337852378e-01
  -4.6546327864639958e-01
  -4.3845682115070822e-01
  -3.9460071390761342e-01
  -3.3558032252367875e-01
  -2.6366376754077203e-01
  -1.8161476183561817e-01
  -9.2586402683852972e-02
   0.0000000000000000e+00
   1.0552460678521441e-01
   2.0699396211055432e-01
   3.0050865555553691e-01
   3.8247496989471580e-01
   4.4974298563527509e-01
   4.9972763065664277e-01
   5.3050802308235967e-01
   5.4090128969334839e-01
   5.3050802308235967e-01
   4.9972763065664277e-01
   4.4974298563527515e-01
   3.8247496989471585e-01
   3.0050865555553691e-01
   2.0699396211055437e-01
   1.0552460678521461e-01
   6.6241303307763435e-17
  -1.0552460678521447e-01
  -2.0699396211055426e-01
  -3.0050865555553680e-01
  -3.8247496989471580e-01
  -4.4974298563527509e-01
  -4.9972763065664266e-01
  -5.3050802308235956e-01
  -5.4090128969334839e-01
  -5.3050802308235967e-01
  -4.9972763065664272e-01
  -4.4974298563527521e-01
  -3.8247496989471591e-01
  -3.0050865555553691e-01
  -2.0699396211055465e-01
  -1.0552460678521466e-01
   0.0000000000000000e+00
   1.1507632583916193e-01
   2.2573033301187193e-01
   3.2770965007796482e-01
   4.1709526907325056e-01
   4.9045215078777310e-01
   5.4496123139625641e-01
   5.7852775749996099e-01
   5.8986178632504638e-01
   5.7852775749996099e-01
   5.4496123139625641e-01
   4.9045215078777316e-01
   4.1709526907325067e-01
   3.2770965007796482e-01
   2.2573033301187198e-01
   1.1507632583916215e-01
   7.2237234856230799e-17
  -1.1507632583916200e-01
  -2.2573033301187187e-01
  -3.2770965007796465e-01
  -4.1709526907325056e-01
  -4.9045215078777310e-01
  -5.4496123139625618e-01
  -5.7852775749996099e-01
  -5.8986178632504638e-01
  -5.7852775749996099e-01
  -5.4496123139625630e-01
  -4.9045215078777321e-01
  -4.1709526907325073e-01
  -3.2770965007796482e-01
  -2.2573033301187229e-01
  -1.1507632583916221e-01
   0.0000000000000000e+00
   1.2093335985624243e-01
   2.3721931851341904e-01
   3.4438907179425138e-01
   4.3832414618164717e-01
   5.1541466944629544e-01
   5.7269809601199928e-01
   6.0797305592075435e-01
   6.1988395224569259e-01
   6.0797305592075435e-01
   5.7269809601199928e-01
   5.1541466944629555e-01
   4.3832414618164728e-01
   3.4438907179425138e-01
   2.3721931851341913e-01
   1.2093335985624265e-01
   7.5913889796049824e-17
  -1.2093335985624250e-01
  -2.3721931851341899e-01
  -3.4438907179425127e-01
  -4.3832414618164717e-01
  -5.1541466944629544e-01
  -5.7269809601199917e-01
  -6.0797305592075424e-01
  -6.1988395224569259e-01
  -6.0797305592075435e-01
  -5.7269809601199917e-01
  -5.1541466944629566e-01
  -4.3832414618164733e-01
  -3.4438907179425138e-01
  -2.3721931851341943e-01
  -1.2093335985624272e-01
   0.0000000000000000e+00
   1.2290690287016080e-01
   2.4109056239000656e-01
   3.5000924680234935e-01
   4.4547727214752492e-01
   5.2382585575060348e-01
   5.8204410548211061e-01
   6.1789472665403522e-01
   6.3000000000000000e-01
   6.1789472665403522e-01
   5.8204410548211061e-01
   5.2382585575060359e-01
   4.4547727214752497e-01
   3.5000924680234935e-01
   2.4109056239000665e-01
   1.2290690287016102e-01
   7.7152748346283254e-17
  -1.2290690287016087e-01
  -2.4109056239000651e-01
  -3.5000924680234924e-01
  -4.4547727214752492e-01
  -5.2382585575060348e-01
  -5.8204410548211050e-01
  -6.1789472665403511e-01
  -6.3000000000000000e-01
  -6.1789472665403522e-01
  -5.8204410548211061e-01
  -5.2382585575060370e-01
  -4.4547727214752503e-01
  -3.5000924680234935e-01
  -2.4109056239000695e-01
  -1.2290690287016109e-01
   0.0000000000000000e+00
   1.2093335985624243e-01
   2.3721931851341904e-01
   3.4438907179425138e-01
   4.3832414618164717e-01
   5.1541466944629544e-01
   5.7269809601199928e-01
   6.0797305592075435e-01
   6.1988395224569259e-01
   6.0797305592075435e-01
   5.7269809601199928e-01
   5.1541466944629555e-01
   4.3832414618164728e-01
   3.4438907179425138e-01
   2.3721931851341913e-01
   1.2093335985624265e-01
   7.5913889796049824e-17
  -1.2093335985624250e-01
  -2.3721931851341899e-01
  -3.4438907179425127e-01
  -4.3832414618164717e-01
  -5.1541466944629544e-01
  -5.7269809601199917e-01
  -6.0797305592075424e-01
  -6.1988395224569259e-01
  -6.0797305592075435e-01
  -5.7269809601199917e-01
  -5.1541466944629566e-01
  -4.3832414618164733e-01
  -3.4438907179425138e-01
  -2.3721931851341943e-01
  -1.2093335985624272e-01
   0.0000000000000000e+00
   1.1507632583916193e-01
   2.2573033301187193e-01
   3.2770965007796482e-01
   4.1709526907325056e-01
   4.9045215078777310e-01
   5.4496123139625641e-01
   5.7852775749996099e-01
   5.8986178632504638e-01
   5.7852775749996099e-01
   5.4496123139625641e-01
   4.9045215078777316e-01
   4.1709526907325067e-01
   3.2770965007796482e-01
   2.2573033301187198e-01
   1.1507632583916215e-01
   7.2237234856230799e-17
  -1.1507632583916200e-01
  -2.2573033301187187e-01
  -3.2770965007796465e-01
  -4.1709526907325056e-01
  -4.9045215078777310e-01
  -5.4496123139625618e-01
  -5.7852775749996099e-01
  -5.8986178632504638e-01
  -5.7852775749996099e-01
  -5.4496123139625630e-01
  -4.9045215078777321e-01
  -4.1709526907325073e-01
  -3.2770965007796482e-01
  -2.2573033301187229e-01
  -1.1507632583916221e-01
   0.0000000000000000e+00
   1.0552460678521441e-01
   2.0699396211055432e-01
   3.0050865555553691e-01
   3.8247496989471580e-01
   4.4974298563527509e-01
   4.9972763065664277e-01
   5.3050802308235967e-01
   5.4090128969334839e-01
   5.3050802308235967e-01
   4.9972763065664277e-01
   4.4974298563527515e-01
   3.8247496989471585e-01
   3.0050865555553691e-01
   2.0699396211055437e-01
   1.0552460678521461e-01
   6.6241303307763435e-17
  -1.0552460678521447e-01
  -2.0699396211055426e-01
  -3.0050865555553680e-01
  -3.8247496989471580e-01
  -4.4974298563527509e-01
  -4.9972763065664266e-01
  -5.3050802308235956e-01
  -5.4090128969334839e-01
  -5.3050802308235967e-01
  -4.9972763065664272e-01
  -4.4974298563527521e-01
  -3.8247496989471591e-01
  -3.0050865555553691e-01
  -2.0699396211055465e-01
  -1.0552460678521466e-01
   0.0000000000000000e+00
   9.2586402683852750e-02
   1.8161476183561789e-01
   2.6366376754077203e-01
   3.3558032252367864e-01
   3.9460071390761331e-01
   4.3845682115070828e-01
   4.6546327864639958e-01
   4.7458224337852378e-01
   4.6546327864639958e-01
   4.3845682115070828e-01
   3.9460071390761337e-01
   3.3558032252367870e-01
   2.6366376754077203e-01
   1.8161476183561795e-01
   9.2586402683852931e-02
   5.8119562528567933e-17
  -9.2586402683852806e-02
  -1.8161476183561784e-01
  -2.6366376754077192e-01
  -3.3558032252367864e-01
  -3.9460071390761331e-01
  -4.3845682115070816e-01
  -4.6546327864639953e-01
  -4.7458224337852378e-01
  -4.6546327864639958e-01
  -4.3845682115070822e-01
  -3.9460071390761342e-01
  -3.3558032252367875e-01
  -2.6366376754077203e-01
  -1.8161476183561817e-01
  -9.2586402683852972e-02
   0.0000000000000000e+00
   7.6680104896724749e-02
   1.5041343636496665e-01
   2.1836646382652974e-01
   2.7792779054456307e-01
   3.2680850813566947e-01
   3.6313015803544491e-01
   3.8549691960765703e-01
   3.9304925074850999e-01
   3.8549691960765703e-01
   3.6313015803544491e-01
   3.2680850813566953e-01
   2.7792779054456312e-01
   2.1836646382652974e-01
   1.5041343636496668e-01
   7.6680104896724888e-02
   4.8134650683642816e-17
  -7.6680104896724791e-02
  -1.5041343636496660e-01
  -2.1836646382652966e-01
  -2.7792779054456307e-01
  -3.2680850813566947e-01
  -3.6313015803544485e-01
  -3.8549691960765697e-01
  -3.9304925074850999e-01
  -3.8549691960765703e-01
  -3.6313015803544491e-01
  -3.2680850813566958e-01
  -2.7792779054456318e-01
  -2.1836646382652974e-01
  -1.5041343636496687e-01
  -7.6680104896724943e-02
   0.0000000000000000e+00
   5.8323052939462161e-02
   1.1440478366240571e-01
   1.6609000270814481e-01
   2.1139247609415654e-01
   2.4857125517413622e-01
   2.7619758031813973e-01
   2.9320978734390468e-01
   2.9895410667598649e-01
   2.9320978734390468e-01
   2.7619758031813973e-01
   2.4857125517413628e-01
   2.1139247609415657e-01
   1.6609000270814481e-01
   1.1440478366240574e-01
   5.8323052939462265e-02
   3.6611318983270325e-17
  -5.8323052939462196e-02
  -1.1440478366240568e-01
  -1.6609000270814475e-01
  -2.1139247609415654e-01
  -2.4857125517413622e-01
  -2.7619758031813968e-01
  -2.9320978734390463e-01
  -2.9895410667598649e-01
  -2.9320978734390468e-01
  -2.7619758031813973e-01
  -2.4857125517413631e-01
  -2.1139247609415662e-01
  -1.6609000270814481e-01
  -1.1440478366240589e-01
  -5.8323052939462300e-02
   0.0000000000000000e+00
   3.8124138803120468e-02
   7.4783188332300382e-02
   1.0856836187276515e-01
   1.3818131415229837e-01
   1.6248403602193251e-01
   1.8054258750934096e-01
   1.9166298860821498e-01
   1.9541788854071765e-01
   1.9166298860821498e-01
   1.8054258750934096e-01
   1.6248403602193251e-01
   1.3818131415229837e-01
   1.0856836187276515e-01
   7.4783188332300396e-02
   3.8124138803120537e-02
   2.3931789169752410e-17
  -3.8124138803120489e-02
  -7.4783188332300354e-02
  -1.0856836187276511e-01
  -1.3818131415229837e-01
  -1.6248403602193251e-01
  -1.8054258750934091e-01
  -1.9166298860821496e-01
  -1.9541788854071765e-01
  -1.9166298860821498e-01
  -1.8054258750934093e-01
  -1.6248403602193254e-01
  -1.3818131415229840e-01
  -1.0856836187276515e-01
  -7.4783188332300493e-02
  -3.8124138803120558e-02
   0.0000000000000000e+00
   1.6834310286119886e-02
   3.3021687468734164e-02
   4.7940059720700659e-02
   6.1016122362695865e-02
   7.1747369640528302e-02
   7.9721405739463694e-02
   8.4631792924110896e-02
   8.6289827768740793e-02
   8.4631792924110896e-02
   7.9721405739463694e-02
   7.1747369640528316e-02
   6.1016122362695872e-02
   4.7940059720700659e-02
   3.3021687468734170e-02
   1.6834310286119918e-02
   1.0567456137596481e-17
  -1.6834310286119897e-02
  -3.3021687468734157e-02
  -4.7940059720700645e-02
  -6.1016122362695865e-02
  -7.1747369640528302e-02
  -7.9721405739463680e-02
  -8.4631792924110882e-02
  -8.6289827768740793e-02
  -8.4631792924110896e-02
  -7.9721405739463680e-02
  -7.1747369640528330e-02
  -6.1016122362695879e-02
  -4.7940059720700659e-02
  -3.3021687468734219e-02
  -1.6834310286119928e-02
  -9.9057547531441725e-01
  -9.9057547531441725e-01
  -9.9057547531441725e-01
  -9.9057547531441725e-01
  -9.9057547531441725e-01
  -9.9057547531441725e-01
  -9.9057547531441725e-01
  -9.9057547531441725e-01
  -9.9057547531441725e-01
  -9.9057547531441725e-01
  -9.9057547531441725e-01
  -9.9057547531441725e-01
  -9.9057547531441725e-01
  -9.9057547531441725e-01
  -9.9057547531441725e-01
  -9.9057547531441725e-01
  -9.9057547531441725e-01
  -9.9057547531441725e-01
  -9.9057547531441725e-01
  -9.9057547531441725e-01
  -9.9057547531441725e-01
  -9.9057547531441725e-01
  -9.9057547531441725e-01
  -9.9057547531441725e-01
  -9.9057547531441725e-01
  -9.9057547531441725e-01
  -9.9057547531441725e-01
  -9.9057547531441725e-01
  -9.9057547531441725e-01
  -9.9057547531441725e-01
  -9.9057547531441725e-01
  -9.9057547531441725e-01
  -9.5067552176876746e-01
  -9.5067552176876746e-01
  -9.5067552176876746e-01
  -9.5067552176876746e-01
  -9.5067552176876746e-01
  -9.5067552176876746e-01
  -9.5067552176876746e-01
  -9.5067552176876746e-01
  -9.5067552176876746e-01
  -9.5067552176876746e-01
  -9.5067552176876746e-01
  -9.5067552176876746e-01
  -9.5067552176876746e-01
  -9.5067552176876746e-01
  -9.5067552176876746e-01
  -9.5067552176876746e-01
  -9.5067552176876746e-01
  -9.5067552176876746e-01
  -9.5067552176876746e-01
  -9.5067552176876746e-01
  -9.5067552176876746e-01
  -9.5067552176876746e-01
  -9.5067552176876746e-01
  -9.5067552176876746e-01
  -9.5067552176876746e-01
  -9.5067552176876746e-01
  -9.5067552176876746e-01
  -9.5067552176876746e-01
  -9.5067552176876746e-01
  -9.5067552176876746e-01
  -9.5067552176876746e-01
  -9.5067552176876746e-01
  -8.8023915372698636e-01
  -8.8023915372698636e-01
  -8.8023915372698636e-01
  -8.8023915372698636e-01
  -8.8023915372698636e-01
  -8.8023915372698636e-01
  -8.8023915372698636e-01
  -8.8023915372698636e-01
  -8.8023915372698636e-01
  -8.8023915372698636e-01
  -8.8023915372698636e-01
  -8.8023915372698636e-01
  -8.8023915372698636e-01
  -8.8023915372698636e-01
  -8.8023915372698636e-01
  -8.8023915372698636e-01
  -8.8023915372698636e-01
  -8.8023915372698636e-01
  -8.8023915372698636e-01
  -8.8023915372698636e-01
  -8.8023915372698636e-01
  -8.8023915372698636e-01
  -8.8023915372698636e-01
  -8.8023915372698636e-01
  -8.8023915372698636e-01
  -8.8023915372698636e-01
  -8.8023915372698636e-01
  -8.8023915372698636e-01
  -8.8023915372698636e-01
  -8.8023915372698636e-01
  -8.8023915372698636e-01
  -8.8023915372698636e-01
  -7.8151400389680126e-01
  -7.8151400389680126e-01
  -7.8151400389680126e-01
  -7.8151400389680126e-01
  -7.8151400389680126e-01
  -7.8151400389680126e-01
  -7.8151400389680126e-01
  -7.8151400389680126e-01
  -7.8151400389680126e-01
  -7.8151400389680126e-01
  -7.8151400389680126e-01
  -7.8151400389680126e-01
  -7.8151400389680126e-01
  -7.8151400389680126e-01
  -7.8151400389680126e-01
  -7.8151400389680126e-01
  -7.8151400389680126e-01
  -7.8151400389680126e-01
  -7.8151400389680126e-01
  -7.8151400389680126e-01
  -7.8151400389680126e-01
  -7.8151400389680126e-01
  -7.8151400389680126e-01
  -7.8151400389680126e-01
  -7.8151400389680126e-01
  -7.8151400389680126e-01
  -7.8151400389680126e-01
  -7.8151400389680126e-01
  -7.8151400389680126e-01
  -7.8151400389680126e-01
  -7.8151400389680126e-01
  -7.8151400389680126e-01
  -6.5767115921669106e-01
  -6.5767115921669106e-01
  -6.5767115921669106e-01
  -6.5767115921669106e-01
  -6.5767115921669106e-01
  -6.5767115921669106e-01
  -6.5767115921669106e-01
  -6.5767115921669106e-01
  -6.5767115921669106e-01
  -6.5767115921669106e-01
  -6.5767115921669106e-01
  -6.5767115921669106e-01
  -6.5767115921669106e-01
  -6.5767115921669106e-01
  -6.5767115921669106e-01
  -6.5767115921669106e-01
  -6.5767115921669106e-01
  -6.5767115921669106e-01
  -6.5767115921669106e-01
  -6.5767115921669106e-01
  -6.5767115921669106e-01
  -6.5767115921669106e-01
  -6.5767115921669106e-01
  -6.5767115921669106e-01
  -6.5767115921669106e-01
  -6.5767115921669106e-01
  -6.5767115921669106e-01
  -6.5767115921669106e-01
  -6.5767115921669106e-01
  -6.5767115921669106e-01
  -6.5767115921669106e-01
  -6.5767115921669106e-01
  -5.1269053708647727e-01
  -5.1269053708647727e-01
  -5.1269053708647727e-01
  -5.1269053708647727e-01
  -5.1269053708647727e-01
  -5.1269053708647727e-01
  -5.1269053708647727e-01
  -5.1269053708647727e-01
  -5.1269053708647727e-01
  -5.1269053708647727e-01
  -5.1269053708647727e-01
  -5.1269053708647727e-01
  -5.1269053708647727e-01
  -5.1269053708647727e-01
  -5.1269053708647727e-01
  -5.1269053708647727e-01
  -5.1269053708647727e-01
  -5.1269053708647727e-01
  -5.1269053708647727e-01
  -5.1269053708647727e-01
  -5.1269053708647727e-01
  -5.1269053708647727e-01
  -5.1269053708647727e-01
  -5.1269053708647727e-01
  -5.1269053708647727e-01
  -5.1269053708647727e-01
  -5.1269053708647727e-01
  -5.1269053708647727e-01
  -5.1269053708647727e-01
  -5.1269053708647727e-01
  -5.1269053708647727e-01
  -5.1269053708647727e-01
  -3.5123176345387647e-01
  -3.5123176345387647e-01
  -3.5123176345387647e-01
  -3.5123176345387647e-01
  -3.5123176345387647e-01
  -3.5123176345387647e-01
  -3.5123176345387647e-01
  -3.5123176345387647e-01
  -3.5123176345387647e-01
  -3.5123176345387647e-01
  -3.5123176345387647e-01
  -3.5123176345387647e-01
  -3.5123176345387647e-01
  -3.5123176345387647e-01
  -3.5123176345387647e-01
  -3.5123176345387647e-01
  -3.5123176345387647e-01
  -3.5123176345387647e-01
  -3.5123176345387647e-01
  -3.5123176345387647e-01
  -3.5123176345387647e-01
  -3.5123176345387647e-01
  -3.5123176345387647e-01
  -3.5123176345387647e-01
  -3.5123176345387647e-01
  -3.5123176345387647e-01
  -3.5123176345387647e-01
  -3.5123176345387647e-01
  -3.5123176345387647e-01
  -3.5123176345387647e-01
  -3.5123176345387647e-01
  -3.5123176345387647e-01
  -1.7848418149584777e-01
  -1.7848418149584777e-01
  -1.7848418149584777e-01
  -1.7848418149584777e-01
  -1.7848418149584777e-01
  -1.7848418149584777e-01
  -1.7848418149584777e-01
  -1.7848418149584777e-01
  -1.7848418149584777e-01
  -1.7848418149584777e-01
  -1.7848418149584777e-01
  -1.7848418149584777e-01
  -1.7848418149584777e-01
  -1.7848418149584777e-01
  -1.7848418149584777e-01
  -1.7848418149584777e-01
  -1.7848418149584777e-01
  -1.7848418149584777e-01
  -1.7848418149584777e-01
  -1.7848418149584777e-01
  -1.7848418149584777e-01
  -1.7848418149584777e-01
  -1.7848418149584777e-01
  -1.7848418149584777e-01
  -1.7848418149584777e-01
  -1.7848418149584777e-01
  -1.7848418149584777e-01
  -1.7848418149584777e-01
  -1.7848418149584777e-01
  -1.7848418149584777e-01
  -1.7848418149584777e-01
  -1.7848418149584777e-01
  -1.6081226496766366e-16
  -1.6081226496766366e-16
  -1.6081226496766366e-16
  -1.6081226496766366e-16
  -1.6081226496766366e-16
  -1.6081226496766366e-16
  -1.6081226496766366e-16
  -1.6081226496766366e-16
  -1.6081226496766366e-16
  -1.6081226496766366e-16
  -1.6081226496766366e-16
  -1.6081226496766366e-16
  -1.6081226496766366e-16
  -1.6081226496766366e-16
  -1.6081226496766366e-16
  -1.6081226496766366e-16
  -1.6081226496766366e-16
  -1.6081226496766366e-16
  -1.6081226496766366e-16
  -1.6081226496766366e-16
  -1.6081226496766366e-16
  -1.6081226496766366e-16
  -1.6081226496766366e-16
  -1.6081226496766366e-16
  -1.6081226496766366e-16
  -1.6081226496766366e-16
  -1.6081226496766366e-16
  -1.6081226496766366e-16
  -1.6081226496766366e-16
  -1.6081226496766366e-16
  -1.6081226496766366e-16
  -1.6081226496766366e-16
   1.7848418149584766e-01
   1.7848418149584766e-01
   1.7848418149584766e-01
   1.7848418149584766e-01
   1.7848418149584766e-01
   1.7848418149584766e-01
   1.7848418149584766e-01
   1.7848418149584766e-01
   1.7848418149584766e-01
   1.7848418149584766e-01
   1.7848418149584766e-01
   1.7848418149584766e-01
   1.7848418149584766e-01
   1.7848418149584766e-01
   1.7848418149584766e-01
   1.7848418149584766e-01
   1.7848418149584766e-01
   1.7848418149584766e-01
   1.7848418149584766e-01
   1.7848418149584766e-01
   1.7848418149584766e-01
   1.7848418149584766e-01
   1.7848418149584766e-01
   1.7848418149584766e-01
   1.7848418149584766e-01
   1.7848418149584766e-01
   1.7848418149584766e-01
   1.7848418149584766e-01
   1.7848418149584766e-01
   1.7848418149584766e-01
   1.7848418149584766e-01
   1.7848418149584766e-01
   3.5123176345387636e-01
   3.5123176345387636e-01
   3.5123176345387636e-01
   3.5123176345387636e-01
   3.5123176345387636e-01
   3.5123176345387636e-01
   3.5123176345387636e-01
   3.5123176345387636e-01
   3.5123176345387636e-01
   3.5123176345387636e-01
   3.5123176345387636e-01
   3.5123176345387636e-01
   3.5123176345387636e-01
   3.5123176345387636e-01
   3.5123176345387636e-01
   3.5123176345387636e-01
   3.5123176345387636e-01
   3.5123176345387636e-01
   3.5123176345387636e-01
   3.5123176345387636e-01
   3.5123176345387636e-01
   3.5123176345387636e-01
   3.5123176345387636e-01
   3.5123176345387636e-01
   3.5123176345387636e-01
   3.5123176345387636e-01
   3.5123176345387636e-01
   3.5123176345387636e-01
   3.5123176345387636e-01
   3.5123176345387636e-01
   3.5123176345387636e-01
   3.5123176345387636e-01
   5.1269053708647727e-01
   5.1269053708647727e-01
   5.1269053708647727e-01
   5.1269053708647727e-01
   5.1269053708647727e-01
   5.1269053708647727e-01
   5.1269053708647727e-01
   5.1269053708647727e-01
   5.1269053708647727e-01
   5.1269053708647727e-01
   5.1269053708647727e-01
   5.1269053708647727e-01
   5.1269053708647727e-01
   5.1269053708647727e-01
   5.1269053708647727e-01
   5.1269053708647727e-01
   5.1269053708647727e-01
   5.1269053708647727e-01
   5.1269053708647727e-01
   5.1269053708647727e-01
   5.1269053708647727e-01
   5.1269053708647727e-01
   5.1269053708647727e-01
   5.1269053708647727e-01
   5.1269053708647727e-01
   5.1269053708647727e-01
   5.1269053708647727e-01
   5.1269053708647727e-01
   5.1269053708647727e-01
   5.1269053708647727e-01
   5.1269053708647727e-01
   5.1269053708647727e-01
   6.5767115921669095e-01
   6.5767115921669095e-01
   6.5767115921669095e-01
   6.5767115921669095e-01
   6.5767115921669095e-01
   6.5767115921669095e-01
   6.5767115921669095e-01
   6.5767115921669095e-01
   6.5767115921669095e-01
   6.5767115921669095e-01
   6.5767115921669095e-01
   6.5767115921669095e-01
   6.5767115921669095e-01
   6.5767115921669095e-01
   6.5767115921669095e-01
   6.5767115921669095e-01
   6.5767115921669095e-01
   6.5767115921669095e-01
   6.5767115921669095e-01
   6.5767115921669095e-01
   6.5767115921669095e-01
   6.5767115921669095e-01
   6.5767115921669095e-01
   6.5767115921669095e-01
   6.5767115921669095e-01
   6.5767115921669095e-01
   6.5767115921669095e-01
   6.5767115921669095e-01
   6.5767115921669095e-01
   6.5767115921669095e-01
   6.5767115921669095e-01
   6.5767115921669095e-01
   7.8151400389680170e-01
   7.8151400389680170e-01
   7.8151400389680170e-01
   7.8151400389680170e-01
   7.8151400389680170e-01
   7.8151400389680170e-01
   7.8151400389680170e-01
   7.8151400389680170e-01
   7.8151400389680170e-01
   7.8151400389680170e-01
   7.8151400389680170e-01
   7.8151400389680170e-01
   7.8151400389680170e-01
   7.8151400389680170e-01
   7.8151400389680170e-01
   7.8151400389680170e-01
   7.8151400389680170e-01
   7.8151400389680170e-01
   7.8151400389680170e-01
   7.8151400389680170e-01
   7.8151400389680170e-01
   7.8151400389680170e-01
   7.8151400389680170e-01
   7.8151400389680170e-01
   7.8151400389680170e-01
   7.8151400389680170e-01
   7.8151400389680170e-01
   7.8151400389680170e-01
   7.8151400389680170e-01
   7.8151400389680170e-01
   7.8151400389680170e-01
   7.8151400389680170e-01
   8.8023915372698613e-01
   8.8023915372698613e-01
   8.8023915372698613e-01
   8.8023915372698613e-01
   8.8023915372698613e-01
   8.8023915372698613e-01
   8.8023915372698613e-01
   8.8023915372698613e-01
   8.8023915372698613e-01
   8.8023915372698613e-01
   8.8023915372698613e-01
   8.8023915372698613e-01
   8.8023915372698613e-01
   8.8023915372698613e-01
   8.8023915372698613e-01
   8.8023915372698613e-01
   8.8023915372698613e-01
   8.8023915372698613e-01
   8.8023915372698613e-01
   8.8023915372698613e-01
   8.8023915372698613e-01
   8.8023915372698613e-01
   8.8023915372698613e-01
   8.8023915372698613e-01
   8.8023915372698613e-01
   8.8023915372698613e-01
   8.8023915372698613e-01
   8.8023915372698613e-01
   8.8023915372698613e-01
   8.8023915372698613e-01
   8.8023915372698613e-01
   8.8023915372698613e-01
   9.5067552176876791e-01
   9.5067552176876791e-01
   9.5067552176876791e-01
   9.5067552176876791e-01
   9.5067552176876791e-01
   9.5067552176876791e-01
   9.5067552176876791e-01
   9.5067552176876791e-01
   9.5067552176876791e-01
   9.5067552176876791e-01
   9.5067552176876791e-01
   9.5067552176876791e-01
   9.5067552176876791e-01
   9.5067552176876791e-01
   9.5067552176876791e-01
   9.5067552176876791e-01
   9.5067552176876791e-01
   9.5067552176876791e-01
   9.5067552176876791e-01
   9.5067552176876791e-01
   9.5067552176876791e-01
   9.5067552176876791e-01
   9.5067552176876791e-01
   9.5067552176876791e-01
   9.5067552176876791e-01
   9.5067552176876791e-01
   9.5067552176876791e-01
   9.5067552176876791e-01
   9.5067552176876791e-01
   9.5067552176876791e-01
   9.5067552176876791e-01
   9.5067552176876791e-01
   9.9057547531441748e-01
   9.9057547531441748e-01
   9.9057547531441748e-01
   9.9057547531441748e-01
   9.9057547531441748e-01
   9.9057547531441748e-01
   9.9057547531441748e-01
   9.9057547531441748e-01
   9.9057547531441748e-01
   9.9057547531441748e-01
   9.9057547531441748e-01
   9.9057547531441748e-01
   9.9057547531441748e-01
   9.9057547531441748e-01
   9.9057547531441748e-01
   9.9057547531441748e-01
   9.9057547531441748e-01
   9.9057547531441748e-01
   9.9057547531441748e-01
   9.9057547531441748e-01
   9.9057547531441748e-01
   9.9057547531441748e-01
   9.9057547531441748e-01
   9.9057547531441748e-01
   9.9057547531441748e-01
   9.9057547531441748e-01
   9.9057547531441748e-01
   9.9057547531441748e-01
   9.9057547531441748e-01
   9.9057547531441748e-01
   9.9057547531441748e-01
   9.9057547531441748e-01
