   1.8601221887897429e-01
   1.7967400622053628e-01
   1.6109130696350310e-01
   1.3153050135287905e-01
   9.3006109439487158e-02
   4.8143504867657207e-02
   1.1389963422621637e-17
  -4.8143504867657186e-02
  -9.3006109439487103e-02
  -1.3153050135287905e-01
  -1.6109130696350310e-01
  -1.7967400622053625e-01
  -1.8601221887897429e-01
  -1.7967400622053628e-01
  -1.6109130696350313e-01
  -1.3153050135287914e-01
  -9.3006109439487228e-02
  -4.8143504867657186e-02
  -3.4169890267864910e-17
   4.8143504867657123e-02
   9.3006109439487158e-02
   1.3153050135287903e-01
   1.6109130696350304e-01
   1.7967400622053623e-01
   4.1738414974952037e-01
   4.0316212972676568e-01
   3.6146527682005303e-01
   2.9513516264766732e-01
   2.0869207487476024e-01
   1.0802696707909838e-01
   2.5557408150279483e-17
  -1.0802696707909834e-01
  -2.0869207487476010e-01
  -2.9513516264766726e-01
  -3.6146527682005303e-01
  -4.0316212972676563e-01
  -4.1738414974952037e-01
  -4.0316212972676568e-01
  -3.6146527682005308e-01
  -2.9513516264766743e-01
  -2.0869207487476038e-01
  -1.0802696707909834e-01
  -7.6672224450838440e-17
   1.0802696707909820e-01
   2.0869207487476024e-01
   2.9513516264766720e-01
   3.6146527682005286e-01
   4.0316212972676557e-01
   6.2778459865874092e-01
   6.0639335719099541e-01
   5.4367741054308794e-01
   4.4391074683607090e-01
   3.1389229932937052e-01
   1.6248261035492456e-01
   3.8440719965071644e-17
  -1.6248261035492448e-01
  -3.1389229932937029e-01
  -4.4391074683607085e-01
  -5.4367741054308794e-01
  -6.0639335719099541e-01
  -6.2778459865874092e-01
  -6.0639335719099541e-01
  -5.4367741054308794e-01
  -4.4391074683607112e-01
  -3.1389229932937074e-01
  -1.6248261035492448e-01
  -1.1532215989521491e-16
   1.6248261035492426e-01
   3.1389229932937052e-01
   4.4391074683607079e-01
   5.4367741054308771e-01
   6.0639335719099530e-01
   8.0473258107766199e-01
   7.7731198331917528e-01
   6.9691885846627577e-01
   5.6903186512176795e-01
   4.0236629053883111e-01
   2.0828011819740733e-01
   4.9275658979317331e-17
  -2.0828011819740724e-01
  -4.0236629053883083e-01
  -5.6903186512176795e-01
  -6.9691885846627577e-01
  -7.7731198331917528e-01
  -8.0473258107766199e-01
  -7.7731198331917528e-01
  -6.9691885846627588e-01
  -5.6903186512176829e-01
  -4.0236629053883133e-01
  -2.0828011819740724e-01
  -1.4782697693795199e-16
   2.0828011819740697e-01
   4.0236629053883111e-01
   5.6903186512176784e-01
   6.9691885846627555e-01
   7.7731198331917517e-01
   9.3847579250889868e-01
   9.0649800533144620e-01
   8.1274387714944007e-01
   6.6360259686246159e-01
   4.6923789625444945e-01
   2.4289540846898455e-01
   5.7465068768664918e-17
  -2.4289540846898444e-01
  -4.6923789625444912e-01
  -6.6360259686246148e-01
  -8.1274387714944007e-01
  -9.0649800533144609e-01
  -9.3847579250889868e-01
  -9.0649800533144620e-01
  -8.1274387714944019e-01
  -6.6360259686246192e-01
  -4.6923789625444978e-01
  -2.4289540846898444e-01
  -1.7239520630599475e-16
   2.4289540846898414e-01
   4.6923789625444945e-01
   6.6360259686246148e-01
   8.1274387714943974e-01
   9.0649800533144598e-01
   1.0217363081927517e+00
   9.8692148774062594e-01
   8.8484959886384951e-01
   7.2247667210760302e-01
   5.1086815409637598e-01
   2.6444481563302286e-01
   6.2563304970044347e-17
  -2.6444481563302275e-01
  -5.1086815409637565e-01
  -7.2247667210760291e-01
  -8.8484959886384951e-01
  -9.8692148774062582e-01
  -1.0217363081927517e+00
  -9.8692148774062594e-01
  -8.8484959886384962e-01
  -7.2247667210760336e-01
  -5.1086815409637631e-01
  -2.6444481563302275e-01
  -1.8768991491013303e-16
   2.6444481563302241e-01
   5.1086815409637598e-01
   7.2247667210760280e-01
   8.8484959886384917e-01
   9.8692148774062560e-01
   1.0500000000000000e+00
   1.0142221176035218e+00
   9.0932667397366063e-01
   7.4246212024587499e-01
   5.2500000000000013e-01
   2.7175999735764678e-01
   6.4293956955236049e-17
  -2.7175999735764667e-01
  -5.2499999999999980e-01
  -7.4246212024587488e-01
  -9.0932667397366063e-01
  -1.0142221176035215e+00
  -1.0500000000000000e+00
  -1.0142221176035218e+00
  -9.0932667397366085e-01
  -7.4246212024587532e-01
  -5.2500000000000047e-01
  -2.7175999735764667e-01
  -1.9288187086570813e-16
   2.7175999735764633e-01
   5.2500000000000013e-01
   7.4246212024587477e-01
   9.0932667397366029e-01
   1.0142221176035215e+00
   1.0217363081927517e+00
   9.8692148774062594e-01
   8.8484959886384951e-01
   7.2247667210760302e-01
   5.1086815409637598e-01
   2.6444481563302286e-01
   6.2563304970044347e-17
  -2.6444481563302275e-01
  -5.1086815409637565e-01
  -7.2247667210760291e-01
  -8.8484959886384951e-01
  -9.8692148774062582e-01
  -1.0217363081927517e+00
  -9.8692148774062594e-01
  -8.8484959886384962e-01
  -7.2247667210760336e-01
  -5.1086815409637631e-01
  -2.6444481563302275e-01
  -1.8768991491013303e-16
   2.6444481563302241e-01
   5.1086815409637598e-01
   7.2247667210760280e-01
   8.8484959886384917e-01
   9.8692148774062560e-01
   9.3847579250889845e-01
   9.0649800533144598e-01
   8.1274387714943985e-01
   6.6360259686246148e-01
   4.6923789625444934e-01
   2.4289540846898450e-01
   5.7465068768664905e-17
  -2.4289540846898439e-01
  -4.6923789625444901e-01
  -6.6360259686246137e-01
  -8.1274387714943985e-01
  -9.0649800533144587e-01
  -9.3847579250889845e-01
  -9.0649800533144598e-01
  -8.1274387714943996e-01
  -6.6360259686246181e-01
  -4.6923789625444967e-01
  -2.4289540846898439e-01
  -1.7239520630599470e-16
   2.4289540846898408e-01
   4.6923789625444934e-01
   6.6360259686246126e-01
   8.1274387714943963e-01
   9.0649800533144576e-01
   8.0473258107766221e-01
   7.7731198331917550e-01
   6.9691885846627599e-01
   5.6903186512176818e-01
   4.0236629053883122e-01
   2.0828011819740738e-01
   4.9275658979317343e-17
  -2.0828011819740730e-01
  -4.0236629053883094e-01
  -5.6903186512176807e-01
  -6.9691885846627599e-01
  -7.7731198331917539e-01
  -8.0473258107766221e-01
  -7.7731198331917550e-01
  -6.9691885846627610e-01
  -5.6903186512176840e-01
  -4.0236629053883144e-01
  -2.0828011819740730e-01
  -1.4782697693795202e-16
   2.0828011819740702e-01
   4.0236629053883122e-01
   5.6903186512176795e-01
   6.9691885846627566e-01
   7.7731198331917539e-01
   6.2778459865874137e-01
   6.0639335719099585e-01
   5.4367741054308827e-01
   4.4391074683607123e-01
   3.1389229932937074e-01
   1.6248261035492467e-01
   3.8440719965071669e-17
  -1.6248261035492459e-01
  -3.1389229932937052e-01
  -4.4391074683607112e-01
  -5.4367741054308827e-01
  -6.0639335719099585e-01
  -6.2778459865874137e-01
  -6.0639335719099585e-01
  -5.4367741054308838e-01
  -4.4391074683607140e-01
  -3.1389229932937096e-01
  -1.6248261035492459e-01
  -1.1532215989521499e-16
   1.6248261035492439e-01
   3.1389229932937074e-01
   4.4391074683607107e-01
   5.4367741054308805e-01
   6.0639335719099574e-01
   4.1738414974952037e-01
   4.0316212972676568e-01
   3.6146527682005303e-01
   2.9513516264766732e-01
   2.0869207487476024e-01
   1.0802696707909838e-01
   2.5557408150279483e-17
  -1.0802696707909834e-01
  -2.0869207487476010e-01
  -2.9513516264766726e-01
  -3.6146527682005303e-01
  -4.0316212972676563e-01
  -4.1738414974952037e-01
  -4.0316212972676568e-01
  -3.6146527682005308e-01
  -2.9513516264766743e-01
  -2.0869207487476038e-01
  -1.0802696707909834e-01
  -7.6672224450838440e-17
   1.0802696707909820e-01
   2.0869207487476024e-01
   2.9513516264766720e-01
   3.6146527682005286e-01
   4.0316212972676557e-01
   1.8601221887897479e-01
   1.7967400622053675e-01
   1.6109130696350354e-01
   1.3153050135287941e-01
   9.3006109439487408e-02
   4.8143504867657338e-02
   1.1389963422621666e-17
  -4.8143504867657318e-02
  -9.3006109439487353e-02
  -1.3153050135287939e-01
  -1.6109130696350354e-01
  -1.7967400622053672e-01
  -1.8601221887897479e-01
  -1.7967400622053675e-01
  -1.6109130696350354e-01
  -1.3153050135287947e-01
  -9.3006109439487478e-02
  -4.8143504867657318e-02
  -3.4169890267864996e-17
   4.8143504867657255e-02
   9.3006109439487408e-02
   1.3153050135287939e-01
   1.6109130696350346e-01
   1.7967400622053672e-01
   0.0000000000000000e+00
   4.8143504867657207e-02
   9.3006109439487131e-02
   1.3153050135287905e-01
   1.6109130696350307e-01
   1.7967400622053628e-01
   1.8601221887897429e-01
   1.7967400622053628e-01
   1.6109130696350310e-01
   1.3153050135287905e-01
   9.3006109439487131e-02
   4.8143504867657255e-02
   2.2779926845243274e-17
  -4.8143504867657214e-02
  -9.3006109439487089e-02
  -1.3153050135287897e-01
  -1.6109130696350307e-01
  -1.7967400622053628e-01
  -1.8601221887897429e-01
  -1.7967400622053628e-01
  -1.6109130696350307e-01
  -1.3153050135287908e-01
  -9.3006109439487228e-02
  -4.8143504867657359e-02
   0.0000000000000000e+00
   1.0802696707909838e-01
   2.0869207487476016e-01
   2.9513516264766726e-01
   3.6146527682005297e-01
   4.0316212972676568e-01
   4.1738414974952037e-01
   4.0316212972676568e-01
   3.6146527682005303e-01
   2.9513516264766732e-01
   2.0869207487476016e-01
   1.0802696707909849e-01
   5.1114816300558966e-17
  -1.0802696707909841e-01
  -2.0869207487476008e-01
  -2.9513516264766715e-01
  -3.6146527682005292e-01
  -4.0316212972676568e-01
  -4.1738414974952037e-01
  -4.0316212972676574e-01
  -3.6146527682005297e-01
  -2.9513516264766737e-01
  -2.0869207487476038e-01
  -1.0802696707909873e-01
   0.0000000000000000e+00
   1.6248261035492456e-01
   3.1389229932937041e-01
   4.4391074683607085e-01
   5.4367741054308782e-01
   6.0639335719099541e-01
   6.2778459865874092e-01
   6.0639335719099541e-01
   5.4367741054308794e-01
   4.4391074683607090e-01
   3.1389229932937041e-01
   1.6248261035492473e-01
   7.6881439930143289e-17
  -1.6248261035492459e-01
  -3.1389229932937029e-01
  -4.4391074683607062e-01
  -5.4367741054308771e-01
  -6.0639335719099541e-01
  -6.2778459865874092e-01
  -6.0639335719099552e-01
  -5.4367741054308782e-01
  -4.4391074683607096e-01
  -3.1389229932937074e-01
  -1.6248261035492506e-01
   0.0000000000000000e+00
   2.0828011819740733e-01
   4.0236629053883094e-01
   5.6903186512176795e-01
   6.9691885846627566e-01
   7.7731198331917528e-01
   8.0473258107766199e-01
   7.7731198331917528e-01
   6.9691885846627577e-01
   5.6903186512176795e-01
   4.0236629053883094e-01
   2.0828011819740755e-01
   9.8551317958634662e-17
  -2.0828011819740738e-01
  -4.0236629053883077e-01
  -5.6903186512176762e-01
  -6.9691885846627566e-01
  -7.7731198331917528e-01
  -8.0473258107766199e-01
  -7.7731198331917539e-01
  -6.9691885846627566e-01
  -5.6903186512176807e-01
  -4.0236629053883133e-01
  -2.0828011819740799e-01
   0.0000000000000000e+00
   2.4289540846898455e-01
   4.6923789625444928e-01
   6.6360259686246148e-01
   8.1274387714943996e-01
   9.0649800533144620e-01
   9.3847579250889868e-01
   9.0649800533144620e-01
   8.1274387714944007e-01
   6.6360259686246159e-01
   4.6923789625444928e-01
   2.4289540846898480e-01
   1.1493013753732984e-16
  -2.4289540846898458e-01
  -4.6923789625444906e-01
  -6.6360259686246126e-01
  -8.1274387714943985e-01
  -9.0649800533144620e-01
  -9.3847579250889868e-01
  -9.0649800533144631e-01
  -8.1274387714943996e-01
  -6.6360259686246170e-01
  -4.6923789625444978e-01
  -2.4289540846898533e-01
   0.0000000000000000e+00
   2.6444481563302286e-01
   5.1086815409637576e-01
   7.2247667210760291e-01
   8.8484959886384940e-01
   9.8692148774062594e-01
   1.0217363081927517e+00
   9.8692148774062594e-01
   8.8484959886384951e-01
   7.2247667210760302e-01
   5.1086815409637576e-01
   2.6444481563302313e-01
   1.2512660994008869e-16
  -2.6444481563302291e-01
  -5.1086815409637554e-01
  -7.2247667210760258e-01
  -8.8484959886384928e-01
  -9.8692148774062594e-01
  -1.0217363081927517e+00
  -9.8692148774062605e-01
  -8.8484959886384940e-01
  -7.2247667210760314e-01
  -5.1086815409637631e-01
  -2.6444481563302369e-01
   0.0000000000000000e+00
   2.7175999735764678e-01
   5.2499999999999991e-01
   7.4246212024587488e-01
   9.0932667397366052e-01
   1.0142221176035218e+00
   1.0500000000000000e+00
   1.0142221176035218e+00
   9.0932667397366063e-01
   7.4246212024587499e-01
   5.2499999999999991e-01
   2.7175999735764705e-01
   1.2858791391047210e-16
  -2.7175999735764683e-01
  -5.2499999999999969e-01
  -7.4246212024587455e-01
  -9.0932667397366040e-01
  -1.0142221176035218e+00
  -1.0500000000000000e+00
  -1.0142221176035220e+00
  -9.0932667397366052e-01
  -7.4246212024587510e-01
  -5.2500000000000047e-01
  -2.7175999735764766e-01
   0.0000000000000000e+00
   2.6444481563302286e-01
   5.1086815409637576e-01
   7.2247667210760291e-01
   8.8484959886384940e-01
   9.8692148774062594e-01
   1.0217363081927517e+00
   9.8692148774062594e-01
   8.8484959886384951e-01
   7.2247667210760302e-01
   5.1086815409637576e-01
   2.6444481563302313e-01
   1.2512660994008869e-16
  -2.6444481563302291e-01
  -5.1086815409637554e-01
  -7.2247667210760258e-01
  -8.8484959886384928e-01
  -9.8692148774062594e-01
  -1.0217363081927517e+00
  -9.8692148774062605e-01
  -8.8484959886384940e-01
  -7.2247667210760314e-01
  -5.1086815409637631e-01
  -2.6444481563302369e-01
   0.0000000000000000e+00
   2.4289540846898450e-01
   4.6923789625444917e-01
   6.6360259686246137e-01
   8.1274387714943985e-01
   9.0649800533144598e-01
   9.3847579250889845e-01
   9.0649800533144598e-01
   8.1274387714943985e-01
   6.6360259686246148e-01
   4.6923789625444917e-01
   2.4289540846898475e-01
   1.1493013753732981e-16
  -2.4289540846898452e-01
  -4.6923789625444895e-01
  -6.6360259686246104e-01
  -8.1274387714943974e-01
  -9.0649800533144598e-01
  -9.3847579250889845e-01
  -9.0649800533144609e-01
  -8.1274387714943985e-01
  -6.6360259686246159e-01
  -4.6923789625444967e-01
  -2.4289540846898527e-01
   0.0000000000000000e+00
   2.0828011819740738e-01
   4.0236629053883105e-01
   5.6903186512176807e-01
   6.9691885846627588e-01
   7.7731198331917550e-01
   8.0473258107766221e-01
   7.7731198331917550e-01
   6.9691885846627599e-01
   5.6903186512176818e-01
   4.0236629053883105e-01
   2.0828011819740760e-01
   9.8551317958634686e-17
  -2.0828011819740744e-01
  -4.0236629053883088e-01
  -5.6903186512176784e-01
  -6.9691885846627577e-01
  -7.7731198331917550e-01
  -8.0473258107766221e-01
  -7.7731198331917561e-01
  -6.9691885846627588e-01
  -5.6903186512176829e-01
  -4.0236629053883144e-01
  -2.0828011819740805e-01
   0.0000000000000000e+00
   1.6248261035492467e-01
   3.1389229932937063e-01
   4.4391074683607112e-01
   5.4367741054308827e-01
   6.0639335719099585e-01
   6.2778459865874137e-01
   6.0639335719099585e-01
   5.4367741054308827e-01
   4.4391074683607123e-01
   3.1389229932937063e-01
   1.6248261035492484e-01
   7.6881439930143338e-17
  -1.6248261035492470e-01
  -3.1389229932937052e-01
  -4.4391074683607096e-01
  -5.4367741054308816e-01
  -6.0639335719099585e-01
  -6.2778459865874137e-01
  -6.0639335719099596e-01
  -5.4367741054308827e-01
  -4.4391074683607129e-01
  -3.1389229932937096e-01
  -1.6248261035492517e-01
   0.0000000000000000e+00
   1.0802696707909838e-01
   2.0869207487476016e-01
   2.9513516264766726e-01
   3.6146527682005297e-01
   4.0316212972676568e-01
   4.1738414974952037e-01
   4.0316212972676568e-01
   3.6146527682005303e-01
   2.9513516264766732e-01
   2.0869207487476016e-01
   1.0802696707909849e-01
   5.1114816300558966e-17
  -1.0802696707909841e-01
  -2.0869207487476008e-01
  -2.9513516264766715e-01
  -3.6146527682005292e-01
  -4.0316212972676568e-01
  -4.1738414974952037e-01
  -4.0316212972676574e-01
  -3.6146527682005297e-01
  -2.9513516264766737e-01
  -2.0869207487476038e-01
  -1.0802696707909873e-01
   0.0000000000000000e+00
   4.8143504867657338e-02
   9.3006109439487381e-02
   1.3153050135287939e-01
   1.6109130696350352e-01
   1.7967400622053675e-01
   1.8601221887897479e-01
   1.7967400622053675e-01
   1.6109130696350354e-01
   1.3153050135287941e-01
   9.3006109439487381e-02
   4.8143504867657387e-02
   2.2779926845243333e-17
  -4.8143504867657345e-02
  -9.3006109439487339e-02
  -1.3153050135287933e-01
  -1.6109130696350349e-01
  -1.7967400622053675e-01
  -1.8601221887897479e-01
  -1.7967400622053678e-01
  -1.6109130696350352e-01
  -1.3153050135287944e-01
  -9.3006109439487478e-02
  -4.8143504867657491e-02
  -1.9683661094371763e+00
  -1.9683661094371763e+00
  -1.9683661094371763e+00
  -1.9683661094371763e+00
  -1.9683661094371763e+00
  -1.9683661094371763e+00
  -1.9683661094371763e+00
  -1.9683661094371763e+00
  -1.9683661094371763e+00
  -1.9683661094371763e+00
  -1.9683661094371763e+00
  -1.9683661094371763e+00
  -1.9683661094371763e+00
  -1.9683661094371763e+00
  -1.9683661094371763e+00
  -1.9683661094371763e+00
  -1.9683661094371763e+00
  -1.9683661094371763e+00
  -1.9683661094371763e+00
  -1.9683661094371763e+00
  -1.9683661094371763e+00
  -1.9683661094371763e+00
  -1.9683661094371763e+00
  -1.9683661094371763e+00
  -1.8351967984459556e+00
  -1.8351967984459556e+00
  -1.8351967984459556e+00
  -1.8351967984459556e+00
  -1.8351967984459556e+00
  -1.8351967984459556e+00
  -1.8351967984459556e+00
  -1.8351967984459556e+00
  -1.8351967984459556e+00
  -1.8351967984459556e+00
  -1.8351967984459556e+00
  -1.8351967984459556e+00
  -1.8351967984459556e+00
  -1.8351967984459556e+00
  -1.8351967984459556e+00
  -1.8351967984459556e+00
  -1.8351967984459556e+00
  -1.8351967984459556e+00
  -1.8351967984459556e+00
  -1.8351967984459556e+00
  -1.8351967984459556e+00
  -1.8351967984459556e+00
  -1.8351967984459556e+00
  -1.8351967984459556e+00
  -1.6031561814666200e+00
  -1.6031561814666200e+00
  -1.6031561814666200e+00
  -1.6031561814666200e+00
  -1.6031561814666200e+00
  -1.6031561814666200e+00
  -1.6031561814666200e+00
  -1.6031561814666200e+00
  -1.6031561814666200e+00
  -1.6031561814666200e+00
  -1.6031561814666200e+00
  -1.6031561814666200e+00
  -1.6031561814666200e+00
  -1.6031561814666200e+00
  -1.6031561814666200e+00
  -1.6031561814666200e+00
  -1.6031561814666200e+00
  -1.6031561814666200e+00
  -1.6031561814666200e+00
  -1.6031561814666200e+00
  -1.6031561814666200e+00
  -1.6031561814666200e+00
  -1.6031561814666200e+00
  -1.6031561814666200e+00
  -1.2846986788806807e+00
  -1.2846986788806807e+00
  -1.2846986788806807e+00
  -1.2846986788806807e+00
  -1.2846986788806807e+00
  -1.2846986788806807e+00
  -1.2846986788806807e+00
  -1.2846986788806807e+00
  -1.2846986788806807e+00
  -1.2846986788806807e+00
  -1.2846986788806807e+00
  -1.2846986788806807e+00
  -1.2846986788806807e+00
  -1.2846986788806807e+00
  -1.2846986788806807e+00
  -1.2846986788806807e+00
  -1.2846986788806807e+00
  -1.2846986788806807e+00
  -1.2846986788806807e+00
  -1.2846986788806807e+00
  -1.2846986788806807e+00
  -1.2846986788806807e+00
  -1.2846986788806807e+00
  -1.2846986788806807e+00
  -8.9698550207289318e-01
  -8.9698550207289318e-01
  -8.9698550207289318e-01
  -8.9698550207289318e-01
  -8.9698550207289318e-01
  -8.9698550207289318e-01
  -8.9698550207289318e-01
  -8.9698550207289318e-01
  -8.9698550207289318e-01
  -8.9698550207289318e-01
  -8.9698550207289318e-01
  -8.9698550207289318e-01
  -8.9698550207289318e-01
  -8.9698550207289318e-01
  -8.9698550207289318e-01
  -8.9698550207289318e-01
  -8.9698550207289318e-01
  -8.9698550207289318e-01
  -8.9698550207289318e-01
  -8.9698550207289318e-01
  -8.9698550207289318e-01
  -8.9698550207289318e-01
  -8.9698550207289318e-01
  -8.9698550207289318e-01
  -4.6091663191026871e-01
  -4.6091663191026871e-01
  -4.6091663191026871e-01
  -4.6091663191026871e-01
  -4.6091663191026871e-01
  -4.6091663191026871e-01
  -4.6091663191026871e-01
  -4.6091663191026871e-01
  -4.6091663191026871e-01
  -4.6091663191026871e-01
  -4.6091663191026871e-01
  -4.6091663191026871e-01
  -4.6091663191026871e-01
  -4.6091663191026871e-01
  -4.6091663191026871e-01
  -4.6091663191026871e-01
  -4.6091663191026871e-01
  -4.6091663191026871e-01
  -4.6091663191026871e-01
  -4.6091663191026871e-01
  -4.6091663191026871e-01
  -4.6091663191026871e-01
  -4.6091663191026871e-01
  -4.6091663191026871e-01
  -3.2162452993532732e-16
  -3.2162452993532732e-16
  -3.2162452993532732e-16
  -3.2162452993532732e-16
  -3.2162452993532732e-16
  -3.2162452993532732e-16
  -3.2162452993532732e-16
  -3.2162452993532732e-16
  -3.2162452993532732e-16
  -3.2162452993532732e-16
  -3.2162452993532732e-16
  -3.2162452993532732e-16
  -3.2162452993532732e-16
  -3.2162452993532732e-16
  -3.2162452993532732e-16
  -3.2162452993532732e-16
  -3.2162452993532732e-16
  -3.2162452993532732e-16
  -3.2162452993532732e-16
  -3.2162452993532732e-16
  -3.2162452993532732e-16
  -3.2162452993532732e-16
  -3.2162452993532732e-16
  -3.2162452993532732e-16
   4.6091663191026938e-01
   4.6091663191026938e-01
   4.6091663191026938e-01
   4.6091663191026938e-01
   4.6091663191026938e-01
   4.6091663191026938e-01
   4.6091663191026938e-01
   4.6091663191026938e-01
   4.6091663191026938e-01
   4.6091663191026938e-01
   4.6091663191026938e-01
   4.6091663191026938e-01
   4.6091663191026938e-01
   4.6091663191026938e-01
   4.6091663191026938e-01
   4.6091663191026938e-01
   4.6091663191026938e-01
   4.6091663191026938e-01
   4.6091663191026938e-01
   4.6091663191026938e-01
   4.6091663191026938e-01
   4.6091663191026938e-01
   4.6091663191026938e-01
   4.6091663191026938e-01
   8.9698550207289418e-01
   8.9698550207289418e-01
   8.9698550207289418e-01
   8.9698550207289418e-01
   8.9698550207289418e-01
   8.9698550207289418e-01
   8.9698550207289418e-01
   8.9698550207289418e-01
   8.9698550207289418e-01
   8.9698550207289418e-01
   8.9698550207289418e-01
   8.9698550207289418e-01
   8.9698550207289418e-01
   8.9698550207289418e-01
   8.9698550207289418e-01
   8.9698550207289418e-01
   8.9698550207289418e-01
   8.9698550207289418e-01
   8.9698550207289418e-01
   8.9698550207289418e-01
   8.9698550207289418e-01
   8.9698550207289418e-01
   8.9698550207289418e-01
   8.9698550207289418e-01
   1.2846986788806800e+00
   1.2846986788806800e+00
   1.2846986788806800e+00
   1.2846986788806800e+00
   1.2846986788806800e+00
   1.2846986788806800e+00
   1.2846986788806800e+00
   1.2846986788806800e+00
   1.2846986788806800e+00
   1.2846986788806800e+00
   1.2846986788806800e+00
   1.2846986788806800e+00
   1.2846986788806800e+00
   1.2846986788806800e+00
   1.2846986788806800e+00
   1.2846986788806800e+00
   1.2846986788806800e+00
   1.2846986788806800e+00
   1.2846986788806800e+00
   1.2846986788806800e+00
   1.2846986788806800e+00
   1.2846986788806800e+00
   1.2846986788806800e+00
   1.2846986788806800e+00
   1.6031561814666195e+00
   1.6031561814666195e+00
   1.6031561814666195e+00
   1.6031561814666195e+00
   1.6031561814666195e+00
   1.6031561814666195e+00
   1.6031561814666195e+00
   1.6031561814666195e+00
   1.6031561814666195e+00
   1.6031561814666195e+00
   1.6031561814666195e+00
   1.6031561814666195e+00
   1.6031561814666195e+00
   1.6031561814666195e+00
   1.6031561814666195e+00
   1.6031561814666195e+00
   1.6031561814666195e+00
   1.6031561814666195e+00
   1.6031561814666195e+00
   1.6031561814666195e+00
   1.6031561814666195e+00
   1.6031561814666195e+00
   1.6031561814666195e+00
   1.6031561814666195e+00
   1.8351967984459556e+00
   1.8351967984459556e+00
   1.8351967984459556e+00
   1.8351967984459556e+00
   1.8351967984459556e+00
   1.8351967984459556e+00
   1.8351967984459556e+00
   1.8351967984459556e+00
   1.8351967984459556e+00
   1.8351967984459556e+00
   1.8351967984459556e+00
   1.8351967984459556e+00
   1.8351967984459556e+00
   1.8351967984459556e+00
   1.8351967984459556e+00
   1.8351967984459556e+00
   1.8351967984459556e+00
   1.8351967984459556e+00
   1.8351967984459556e+00
   1.8351967984459556e+00
   1.8351967984459556e+00
   1.8351967984459556e+00
   1.8351967984459556e+00
   1.8351967984459556e+00
   1.9683661094371760e+00
   1.9683661094371760e+00
   1.9683661094371760e+00
   1.9683661094371760e+00
   1.9683661094371760e+00
   1.9683661094371760e+00
   1.9683661094371760e+00
   1.9683661094371760e+00
   1.9683661094371760e+00
   1.9683661094371760e+00
   1.9683661094371760e+00
   1.9683661094371760e+00
   1.9683661094371760e+00
   1.9683661094371760e+00
   1.9683661094371760e+00
   1.9683661094371760e+00
   1.9683661094371760e+00
   1.9683661094371760e+00
   1.9683661094371760e+00
   1.9683661094371760e+00
   1.9683661094371760e+00
   1.9683661094371760e+00
   1.9683661094371760e+00
   1.9683661094371760e+00
