   7.0710678118654746e-01
   7.0710678118654746e-01
   7.0710678118654746e-01
   7.0710678118654746e-01
   7.0710678118654746e-01
   7.0710678118654746e-01
   7.0710678118654746e-01
   7.0710678118654746e-01
   7.0710678118654746e-01
  -1.1857492880222174e+00
  -1.0239248110221282e+00
  -7.5122351645815932e-01
  -3.9712771734498031e-01
   7.4993994326092295e-17
   3.9712771734498020e-01
   7.5122351645815966e-01
   1.0239248110221277e+00
   1.1857492880222171e+00
   1.4325139526124877e+00
   8.6713134892383159e-01
   1.0172536790513326e-01
  -5.4120733993064307e-01
  -7.9056941504209466e-01
  -5.4120733993064307e-01
   1.0172536790513355e-01
   8.6713134892383048e-01
   1.4325139526124886e+00
  -1.5275017307077090e+00
  -3.8690428790517556e-01
   6.4196312749541207e-01
   7.5048273146031186e-01
  -1.7183282783320344e-16
  -7.5048273146031175e-01
  -6.4196312749541240e-01
   3.8690428790517406e-01
   1.5275017307077103e+00
   1.4930952602260985e+00
  -2.3068007198902871e-01
  -8.8370611172742808e-01
   6.1703451565019475e-02
   7.9549512883486562e-01
   6.1703451565019787e-02
  -8.8370611172742841e-01
  -2.3068007198903004e-01
   1.4930952602261003e+00
  -1.3447592497145640e+00
   7.7178618325706316e-01
   4.3485145258927288e-01
  -7.9243844591389134e-01
   2.6925481157522177e-16
   7.9243844591389145e-01
  -4.3485145258927416e-01
  -7.7178618325706416e-01
   1.3447592497145660e+00
   1.0994302118420416e+00
  -1.0549501087120829e+00
   3.5347337517511729e-01
   4.5031566847701515e-01
  -7.9672179899887263e-01
   4.5031566847701465e-01
   3.5347337517511668e-01
  -1.0549501087120832e+00
   1.0994302118420465e+00
  -7.7740542269338264e-01
   9.8693481408467609e-01
  -8.6776800359581874e-01
   5.0188634592255643e-01
  -3.6682552641300978e-16
  -5.0188634592255665e-01
   8.6776800359581874e-01
  -9.8693481408467343e-01
   7.7740542269338719e-01
   4.0227238413301514e-01
  -5.9140627556190650e-01
   7.0876128089053658e-01
  -7.7542662250140970e-01
   7.9720045437338094e-01
  -7.7542662250140948e-01
   7.0876128089053780e-01
  -5.9140627556190406e-01
   4.0227238413302147e-01
  -2.1679324938153044e-01
  -4.7517259042020676e-01
  -6.8398217386136517e-01
  -8.1923426933825405e-01
  -8.6602540378443871e-01
  -8.1923426933825405e-01
  -6.8398217386136517e-01
  -4.7517259042020704e-01
  -2.1679324938153000e-01
   4.6932965893001044e-01
   8.8829827835658626e-01
   9.3810906051278431e-01
   5.9398801618648855e-01
  -1.1857591645209797e-16
  -5.9398801618648855e-01
  -9.3810906051278442e-01
  -8.8829827835658626e-01
  -4.6932965893000961e-01
  -7.4762565016898264e-01
  -1.1088701912456311e+00
  -5.6374815901496600e-01
   3.6346614798445448e-01
   8.1009258730098233e-01
   3.6346614798445454e-01
  -5.6374815901496667e-01
  -1.1088701912456298e+00
  -7.4762565016898164e-01
   1.0235452340847715e+00
   1.0295360794165340e+00
  -2.1050290288965448e-01
  -8.2351819030081308e-01
   2.1783786831789680e-16
   8.2351819030081308e-01
   2.1050290288965390e-01
  -1.0295360794165331e+00
  -1.0235452340847706e+00
  -1.2717203901090146e+00
  -6.4921412459262862e-01
   8.2092880399543422e-01
   1.8213133897539005e-01
  -8.0282703616657047e-01
   1.8213133897538991e-01
   8.2092880399543455e-01
  -6.4921412459262651e-01
  -1.2717203901090126e+00
   1.4700423215895246e+00
   7.2473600795702017e-02
  -8.0830327096439480e-01
   7.0021507995445043e-01
  -3.1616384258494503e-16
  -7.0021507995445031e-01
   8.0830327096439547e-01
  -7.2473600795700047e-02
  -1.4700423215895242e+00
  -1.6005225260839935e+00
   5.2524371741990350e-01
   1.8070366741331231e-01
  -6.3924131779577509e-01
   8.0054302859059379e-01
  -6.3924131779577498e-01
   1.8070366741331323e-01
   5.2524371741990472e-01
  -1.6005225260839924e+00
   1.6501696700802961e+00
  -9.5579307048180406e-01
   5.8382896745043245e-01
  -2.8191881378258704e-01
   4.1420433689898977e-16
   2.8191881378258715e-01
  -5.8382896745043222e-01
   9.5579307048180462e-01
  -1.6501696700802972e+00
   6.0675852148223228e-02
   2.9149233356212517e-01
   6.0396801682382451e-01
   8.6644419568108255e-01
   9.6824583655185426e-01
   8.6644419568108255e-01
   6.0396801682382451e-01
   2.9149233356212539e-01
   6.0675852148223026e-02
  -1.5542187624263565e-01
  -6.4476075347753470e-01
  -9.8013637322870739e-01
  -7.4331720757017306e-01
   1.5686119320691180e-16
   7.4331720757017306e-01
   9.8013637322870784e-01
   6.4476075347753470e-01
   1.5542187624263515e-01
   2.9223077060335700e-01
   9.8265614241284616e-01
   8.5444231426837658e-01
  -1.9810927163078029e-01
  -8.3852549156242095e-01
  -1.9810927163078060e-01
   8.5444231426837702e-01
   9.8265614241284627e-01
   2.9223077060335606e-01
  -4.6702200751253253e-01
  -1.1727618224402290e+00
  -2.0914241269347006e-01
   8.4384795622034736e-01
  -2.6012486101738581e-16
  -8.4384795622034736e-01
   2.0914241269347114e-01
   1.1727618224402285e+00
   4.6702200751253098e-01
   6.7130447716001840e-01
   1.1159227687885347e+00
  -5.6071304003113476e-01
  -3.8553681212785784e-01
   8.1639690485082061e-01
  -3.8553681212785740e-01
  -5.6071304003113431e-01
   1.1159227687885338e+00
   6.7130447716001662e-01
  -8.9304633279019341e-01
  -7.8722626549124719e-01
   9.2188694096237034e-01
  -5.7073156256164514e-01
   3.6021551606349443e-16
   5.7073156256164526e-01
  -9.2188694096237089e-01
   7.8722626549124441e-01
   8.9304633279019074e-01
   1.1176249090379571e+00
   2.5166135525752975e-01
  -6.1042843082913278e-01
   7.6332612332631256e-01
  -8.0850882706220362e-01
   7.6332612332631233e-01
  -6.1042843082913401e-01
   2.5166135525752742e-01
   1.1176249090379546e+00
  -1.6406064034426338e-02
  -1.7275128289612154e-01
  -5.1523040918550889e-01
  -8.8530205189492150e-01
  -1.0458250331675945e+00
  -8.8530205189492150e-01
  -5.1523040918550889e-01
  -1.7275128289612174e-01
  -1.6406064034426248e-02
   4.7651096654842941e-02
   4.3327633899522405e-01
   9.4808284275908095e-01
   8.6118666322003423e-01
  -1.9211494190053033e-16
  -8.6118666322003379e-01
  -9.4808284275908117e-01
  -4.3327633899522450e-01
  -4.7651096654842691e-02
  -1.0115343055074560e-01
  -7.5780416387780702e-01
  -1.0193234911956885e+00
   3.9446178007950770e-02
   8.6715230784447561e-01
   3.9446178007950895e-02
  -1.0193234911956897e+00
  -7.5780416387780769e-01
  -1.0115343055074510e-01
   1.8129320995656564e-01
   1.0571662604790362e+00
   5.6171860113120387e-01
  -8.2619267311487465e-01
   2.9993935690780923e-16
   8.2619267311487454e-01
  -5.6171860113120475e-01
  -1.0571662604790368e+00
  -1.8129320995656478e-01
  -2.9049267709381471e-01
  -1.2243905299691271e+00
   2.1721378917545500e-01
   5.5365312618190432e-01
  -8.3194871949838356e-01
   5.5365312618190410e-01
   2.1721378917545447e-01
  -1.2243905299691256e+00
  -2.9049267709381321e-01
   4.2877922681441855e-01
   1.1731323205933235e+00
  -8.3467735653220620e-01
   4.1916265814417131e-01
  -4.0219585418392336e-16
  -4.1916265814417142e-01
   8.3467735653220643e-01
  -1.1731323205933224e+00
  -4.2877922681441655e-01
   4.3560793941641463e-03
   1.0053523371634314e-01
   4.3161039929128520e-01
   8.8827044297444735e-01
   1.1092649593311781e+00
   8.8827044297444735e-01
   4.3161039929128520e-01
   1.0053523371634331e-01
   4.3560793941641151e-03
  -1.3987476575630063e-02
  -2.7876424645620179e-01
  -8.7803491889337615e-01
  -9.5526996652889462e-01
   2.2527473779695253e-16
   9.5526996652889462e-01
   8.7803491889337648e-01
   2.7876424645620212e-01
   1.3987476575629963e-02
   3.2698942953537848e-02
   5.4212450095904696e-01
   1.0921103247121575e+00
   1.1210780332996610e-01
  -8.9431800132838646e-01
   1.1210780332996571e-01
   1.0921103247121577e+00
   5.4212450095904752e-01
   3.2698942953537619e-02
  -6.4239900703851938e-02
  -8.4832478427480074e-01
  -8.3014631837829234e-01
   7.8006214730017331e-01
  -3.3791210669542885e-16
  -7.8006214730017331e-01
   8.3014631837829334e-01
   8.4832478427480074e-01
   6.4239900703851480e-02
   1.1234691452168530e-01
   1.1206552982257549e+00
   1.3810721298600614e-01
  -6.8929084504795979e-01
   8.4797121164650957e-01
  -6.8929084504795957e-01
   1.3810721298600703e-01
   1.1206552982257552e+00
   1.1234691452168456e-01
  -1.1436871782562082e-03
  -5.7854265443529000e-02
  -3.5752168965590209e-01
  -8.8129038741666277e-01
  -1.1634069043116431e+00
  -8.8129038741666277e-01
  -3.5752168965590209e-01
  -5.7854265443529132e-02
  -1.1436871782561982e-03
   3.9923276031174765e-03
   1.7439318006905280e-01
   7.9067428675195595e-01
   1.0303274708656927e+00
  -2.5685271993173723e-16
  -1.0303274708656924e+00
  -7.9067428675195595e-01
  -1.7439318006905313e-01
  -3.9923276031174400e-03
  -1.0113387652879951e-02
  -3.6985078064979648e-01
  -1.0997514869824423e+00
  -2.5557383965976266e-01
   9.1975391579758958e-01
  -2.5557383965976255e-01
  -1.0997514869824425e+00
  -3.6985078064979682e-01
  -1.0113387652879859e-02
   2.1455569691810946e-02
   6.3421172325101716e-01
   1.0155782929469259e+00
  -7.1237156742286023e-01
   3.7442396349553305e-16
   7.1237156742286023e-01
  -1.0155782929469270e+00
  -6.3421172325101827e-01
  -2.1455569691810773e-02
   2.9799119276494414e-04
   3.3039783009195883e-02
   2.9389865511439905e-01
   8.6771591996692921e-01
   1.2109122981248477e+00
   8.6771591996692921e-01
   2.9389865511439905e-01
   3.3039783009195973e-02
   2.9799119276494095e-04
  -1.1173681840420985e-03
  -1.0698065511458502e-01
  -6.9817898648914589e-01
  -1.0897020427422492e+00
   2.8717007098653971e-16
   1.0897020427422490e+00
   6.9817898648914611e-01
   1.0698065511458522e-01
   1.1173681840420866e-03
   3.0324420302549403e-03
   2.4416547766760574e-01
   1.0633497207584062e+00
   3.9019102412631984e-01
  -9.4353526116542108e-01
   3.9019102412631962e-01
   1.0633497207584068e+00
   2.4416547766760627e-01
   3.0324420302549095e-03
  -7.7214731094792070e-05
  -1.8764610213825882e-02
  -2.4026657739682400e-01
  -8.4964333796617209e-01
  -1.2534133084800880e+00
  -8.4964333796617209e-01
  -2.4026657739682400e-01
  -1.8764610213825934e-02
  -7.7214731094791121e-05
   3.0822784297792125e-04
   6.4682447592049386e-02
   6.0763302210089809e-01
   1.1359146144674606e+00
  -3.1644600582056456e-16
  -1.1359146144674603e+00
  -6.0763302210089831e-01
  -6.4682447592049580e-02
  -3.0822784297791745e-04
   1.9924147848584057e-05
   1.0612672594614483e-02
   1.9560141073274784e-01
   8.2847346888699180e-01
   1.2919888658545740e+00
   8.2847346888699180e-01
   1.9560141073274784e-01
   1.0612672594614517e-02
   1.9924147848583780e-05
