   9.1559697639718524e-02
  -1.5051527316951135e-01
   1.7427112235557587e-01
  -1.7290009049684610e-01
   1.5027058299552712e-01
  -1.1042279806871734e-01
   5.8374931705917739e-02
   1.9778157905650556e-01
  -2.5402466515404237e-01
   1.4364500809198191e-01
   4.8631201007552194e-02
  -2.1609742536555357e-01
   2.7010955467472453e-01
  -1.8276530614749306e-01
   2.6999461797297147e-01
  -1.8979121072572638e-01
  -1.5270325677345464e-01
   3.1548804109284218e-01
  -1.0041540496199451e-01
  -2.3529049600700708e-01
   2.9088897080378900e-01
   2.9554177303470336e-01
  -8.2318731713728660e-17
  -3.3042574734820546e-01
   1.8861590959546182e-16
   3.3248449466404112e-01
  -2.9555319457066941e-16
  -3.3299719272442613e-01
   2.6999461797297108e-01
   1.8979121072572611e-01
  -1.5270325677345459e-01
  -3.1548804109284179e-01
  -1.0041540496199421e-01
   2.3529049600700694e-01
   2.9088897080378856e-01
   1.9778157905650534e-01
   2.5402466515404210e-01
   1.4364500809198200e-01
  -4.8631201007551729e-02
  -2.1609742536555299e-01
  -2.7010955467472419e-01
  -1.8276530614749345e-01
   9.1559697639718454e-02
   1.5051527316951124e-01
   1.7427112235557574e-01
   1.7290009049684593e-01
   1.5027058299552698e-01
   1.1042279806871724e-01
   5.8374931705917683e-02
  -3.5317752181710328e-02
   7.4953799211645702e-02
  -1.1576167212183967e-01
   1.5172772485763464e-01
  -1.7775410662762023e-01
   1.9000818029153699e-01
  -1.6251788907014353e-01
   2.6947320961602050e-01
  -2.6593778402887192e-01
   1.4011337092566845e-01
   5.2533926492689058e-02
  -2.1818599481113510e-01
  -3.0221728734006542e-01
   2.7426138642380943e-01
   4.9881724753746880e-02
  -3.1020856033364363e-01
   2.0626293886397354e-01
   1.3952192037517760e-01
  -3.6196327080622998e-01
   1.3015734315585924e-16
   3.3858563648824663e-01
  -2.3911430775614059e-16
  -3.3554893266717001e-01
   3.4704387690250621e-16
  -3.0221728734006514e-01
  -2.7426138642380909e-01
   4.9881724753746942e-02
   3.1020856033364330e-01
   2.0626293886397312e-01
  -1.3952192037517769e-01
  -1.6251788907014328e-01
  -2.6947320961602012e-01
  -2.6593778402887175e-01
  -1.4011337092566870e-01
   5.2533926492688482e-02
   2.1818599481113446e-01
  -3.5317752181710294e-02
  -7.4953799211645633e-02
  -1.1576167212183958e-01
  -1.5172772485763450e-01
  -1.7775410662762009e-01
  -1.9000818029153682e-01
   1.2436298480494719e-02
  -3.1228832683979826e-02
   5.7142549506956845e-02
  -8.8163367384573740e-02
   1.2125279260347636e-01
   1.2190622485984631e-01
  -2.3916868887849510e-01
   3.0078839834043702e-01
  -2.5764419474601530e-01
   1.1102050284761045e-01
   3.0881108130733748e-01
  -3.3159063613138717e-01
   4.0910564873997211e-02
   2.7816775839408109e-01
  -2.7848024952155520e-01
   4.0468723944044765e-01
  -1.7218198064964925e-16
  -3.5046942994282343e-01
   2.8553151273756014e-16
   3.4122058390499538e-01
   3.0881108130733720e-01
   3.3159063613138673e-01
   4.0910564873997010e-02
  -2.7816775839408076e-01
  -2.7848024952155470e-01
   1.2190622485984605e-01
   2.3916868887849463e-01
   3.0078839834043664e-01
   2.5764419474601519e-01
   1.1102050284761096e-01
   1.2436298480494708e-02
   3.1228832683979798e-02
   5.7142549506956797e-02
   8.8163367384573671e-02
   1.2125279260347627e-01
  -4.2306549624473184e-03
   1.2046044297752719e-02
  -2.4931344578382100e-02
   4.3311394281693262e-02
  -8.8342356655983112e-02
   1.9652583740926710e-01
  -2.8924927806411899e-01
   3.1179168764925536e-01
  -3.0484904395384266e-01
   3.7116451917210624e-01
  -1.2193315450539899e-01
  -2.2951033709117433e-01
  -4.3711217712800599e-01
   2.1087899774670367e-16
   3.6243427070724132e-01
  -3.2923472970810624e-16
  -3.0484904395384238e-01
  -3.7116451917210574e-01
  -1.2193315450539863e-01
   2.2951033709117424e-01
  -8.8342356655982876e-02
  -1.9652583740926663e-01
  -2.8924927806411838e-01
  -3.1179168764925508e-01
  -4.2306549624473149e-03
  -1.2046044297752708e-02
  -2.4931344578382079e-02
  -4.3311394281693227e-02
   1.4132758700135454e-03
  -4.4487590091556234e-03
   1.0150932909667695e-02
   6.2865872146959267e-02
  -1.5461111346293482e-01
   2.5588132176633727e-01
   2.9551509185316710e-01
  -3.9777397880470688e-01
   1.9341601376154446e-01
   4.6362747687964251e-01
  -2.4727754361172712e-16
  -3.7378842177970040e-01
   2.9551509185316682e-01
   3.9777397880470639e-01
   1.9341601376154405e-01
   6.2865872146959059e-02
   1.5461111346293435e-01
   2.5588132176633671e-01
   1.4132758700135441e-03
   4.4487590091556190e-03
   1.0150932909667686e-02
  -4.6683817440786116e-04
   1.5975469564616584e-03
  -4.4236523690868411e-02
   1.1827203986048776e-01
  -2.8326608099606915e-01
   4.1450198252770321e-01
  -4.8625660000617149e-01
   2.8193977840497156e-16
  -2.8326608099606898e-01
  -4.1450198252770276e-01
  -4.4236523690868244e-02
  -1.1827203986048737e-01
  -4.6683817440786073e-04
  -1.5975469564616569e-03
   1.5303490233661634e-04
   3.0890984330012711e-02
   2.6945993066965362e-01
   5.0611191562442515e-01
   2.6945993066965346e-01
   3.0890984330012587e-02
   1.5303490233661621e-04
