   7.0710678118654746e-01
   7.0710678118654746e-01
   7.0710678118654746e-01
   7.0710678118654746e-01
   7.0710678118654746e-01
   7.0710678118654746e-01
   7.0710678118654746e-01
   7.0710678118654746e-01
   7.0710678118654746e-01
   7.0710678118654746e-01
   7.0710678118654746e-01
   7.0710678118654746e-01
   7.0710678118654746e-01
   7.0710678118654746e-01
   7.0710678118654746e-01
   7.0710678118654746e-01
   7.0710678118654746e-01
  -1.2132022331176180e+00
  -1.1643349696438210e+00
  -1.0780683891251988e+00
  -9.5715526819331365e-01
  -8.0547937931280345e-01
  -6.2791510590766242e-01
  -4.3016930095995892e-01
  -2.1859758591156506e-01
  -1.9695399677601134e-16
   2.1859758591156497e-01
   4.3016930095995876e-01
   6.2791510590766242e-01
   8.0547937931280333e-01
   9.5715526819331420e-01
   1.0780683891251988e+00
   1.1643349696438212e+00
   1.2132022331176184e+00
   1.5366450433543326e+00
   1.3529424255078155e+00
   1.0470798626767963e+00
   6.5798492756018145e-01
   2.3526876272182951e-01
  -1.6716213934126803e-01
  -4.9798658808292329e-01
  -7.1501484694034911e-01
  -7.9056941504209466e-01
  -7.1501484694034934e-01
  -4.9798658808292345e-01
  -1.6716213934126803e-01
   2.3526876272182909e-01
   6.5798492756018312e-01
   1.0470798626767954e+00
   1.3529424255078171e+00
   1.5366450433543335e+00
  -1.7662810268848104e+00
  -1.3507381434590069e+00
  -7.1972772599000323e-01
  -3.9345046586384116e-02
   5.1512940100850579e-01
   8.0844494975801007e-01
   7.8298759685913399e-01
   4.7427663122935593e-01
   4.5127829932508041e-16
  -4.7427663122935593e-01
  -7.8298759685913355e-01
  -8.0844494975801007e-01
  -5.1512940100850613e-01
   3.9345046586386628e-02
   7.1972772599000168e-01
   1.3507381434590111e+00
   1.7662810268848128e+00
   1.9256044136505259e+00
   1.1867120528922257e+00
   2.0352334248557341e-01
  -6.0106949207804294e-01
  -9.0899175817799882e-01
  -6.5425871291868454e-01
  -4.4616939785473306e-02
   5.5149593593625723e-01
   7.9549512883486562e-01
   5.5149593593625801e-01
  -4.4616939785473070e-02
  -6.5425871291868454e-01
  -9.0899175817799893e-01
  -6.0106949207804072e-01
   2.0352334248557097e-01
   1.1867120528922328e+00
   1.9256044136505306e+00
  -2.0244701679012427e+00
  -8.9045417500554336e-01
   3.6527872552680785e-01
   9.7423650667165429e-01
   6.7304302665227356e-01
  -1.4324975075952281e-01
  -7.5403684723578290e-01
  -6.7150957223322238e-01
  -7.0713410810365378e-16
   6.7150957223322205e-01
   7.5403684723578301e-01
   1.4324975075952281e-01
  -6.7304302665227289e-01
  -9.7423650667165396e-01
  -3.6527872552681029e-01
   8.9045417500555457e-01
   2.0244701679012511e+00
   2.0682566767671777e+00
   4.9863504414262960e-01
  -8.4466569665953561e-01
  -9.1546602340424188e-01
   2.8190718423509831e-02
   8.0164226895282509e-01
   5.7252674060260278e-01
  -3.1347244984110134e-01
  -7.9672179899887263e-01
  -3.1347244984110217e-01
   5.7252674060260211e-01
   8.0164226895282509e-01
   2.8190718423511004e-02
  -9.1546602340424443e-01
  -8.4466569665953739e-01
   4.9863504414264381e-01
   2.0682566767671879e+00
  -2.0607151503319616e+00
  -5.4378780107523332e-02
   1.1175999608260301e+00
   4.5210428195075575e-01
  -7.1065281251130841e-01
  -6.7650664521154080e-01
   3.5358412645439852e-01
   7.8374612894407181e-01
   9.6338052394376553e-16
  -7.8374612894407181e-01
  -3.5358412645439896e-01
   6.7650664521154080e-01
   7.1065281251130863e-01
  -4.5210428195076058e-01
  -1.1175999608260299e+00
   5.4378780107539257e-02
   2.0607151503319758e+00
   2.0051069264096864e+00
  -3.9574360167359374e-01
  -1.1184907776287565e+00
   2.1074589241236669e-01
   9.0471658979895808e-01
  -1.0980293368149392e-01
  -8.2076506458840537e-01
   3.4435170979113590e-02
   7.9720045437338094e-01
   3.4435170979114527e-02
  -8.2076506458840492e-01
  -1.0980293368149392e-01
   9.0471658979895730e-01
   2.1074589241236083e-01
  -1.1184907776287552e+00
  -3.9574360167357669e-01
   2.0051069264097063e+00
  -1.9047214720695040e+00
   8.0568658182904196e-01
   8.4797791711269876e-01
  -7.8118329834941069e-01
  -4.7722895717972341e-01
   7.8920095179153760e-01
   2.2193748077681230e-01
  -7.9634187428537306e-01
  -1.2197801331054074e-15
   7.9634187428537373e-01
  -2.2193748077681127e-01
  -7.8920095179153760e-01
   4.7722895717972236e-01
   7.8118329834940647e-01
  -8.4797791711269566e-01
  -8.0568658182902642e-01
   1.9047214720695289e+00
   1.7631243003198251e+00
  -1.1341169788175258e+00
  -3.7215980497879142e-01
   1.0086762878273983e+00
  -2.7804834115692845e-01
  -6.9838432311881016e-01
   6.6529844577227659e-01
   2.4946799933164199e-01
  -7.9743489062440420e-01
   2.4946799933164121e-01
   6.6529844577227681e-01
  -6.9838432311881016e-01
  -2.7804834115692995e-01
   1.0086762878273983e+00
  -3.7215980497878648e-01
  -1.1341169788175138e+00
   1.7631243003198547e+00
  -1.5842693538464778e+00
   1.3482639221701336e+00
  -1.9366024475061852e-01
  -7.9360656238115646e-01
   8.4268347182881831e-01
  -7.4002671398397987e-02
  -6.8885058941063249e-01
   7.0755490884076555e-01
   1.4762549209310901e-15
  -7.0755490884076688e-01
   6.8885058941063193e-01
   7.4002671398397987e-02
  -8.4268347182881864e-01
   7.9360656238116134e-01
   1.9366024475062382e-01
  -1.3482639221701280e+00
   1.5842693538465134e+00
   1.3725352089925895e+00
  -1.4269922856548509e+00
   7.1285991536359716e-01
   2.3050900236009689e-01
  -8.2936033487646132e-01
   7.7431482837836330e-01
  -1.8193625314821507e-01
  -5.0186461734398968e-01
   7.9756673073287321e-01
  -5.0186461734398879e-01
  -1.8193625314821579e-01
   7.7431482837836330e-01
  -8.2936033487646066e-01
   2.3050900236010524e-01
   7.1285991536360060e-01
  -1.4269922856548516e+00
   1.3725352089926295e+00
  -1.1327143160298991e+00
   1.3627683707112748e+00
  -1.0603606837761670e+00
   4.3368320060402521e-01
   2.4729371121365293e-01
  -7.1936810882289237e-01
   8.1664821105281615e-01
  -5.2862868392613815e-01
  -1.7327720282764511e-15
   5.2862868392614026e-01
  -8.1664821105281593e-01
   7.1936810882289237e-01
  -2.4729371121365046e-01
  -4.3368320060401749e-01
   1.0603606837761685e+00
  -1.3627683707112836e+00
   1.1327143160299467e+00
   8.6997115865077779e-01
  -1.1623101588667137e+00
   1.1526184253077232e+00
  -9.0795906557054007e-01
   5.0437658826939591e-01
  -3.7237967046044852e-02
  -3.9134479056358690e-01
   6.9049915618029156e-01
  -7.9764811094131260e-01
   6.9049915618029123e-01
  -3.9134479056358540e-01
  -3.7237967046044852e-02
   5.0437658826939813e-01
  -9.0795906557053563e-01
   1.1526184253077205e+00
  -1.1623101588667328e+00
   8.6997115865082930e-01
  -5.8977885759545301e-01
   8.4585100878906661e-01
  -9.6758415757709049e-01
   9.8465791181258000e-01
  -9.1037326126859630e-01
   7.5758920155526754e-01
  -5.4196274800801802e-01
   2.8232281216282240e-01
   1.9893152725137520e-15
  -2.8232281216282468e-01
   5.4196274800801858e-01
  -7.5758920155526754e-01
   9.1037326126859630e-01
  -9.8465791181258133e-01
   9.6758415757708605e-01
  -8.4585100878909469e-01
   5.8977885759551008e-01
   2.9784052873865763e-01
  -4.4508578655138747e-01
   5.4988292272454709e-01
  -6.3027600869874700e-01
   6.9245708325375488e-01
  -7.3919775623383055e-01
   7.7189427132510058e-01
  -7.9127675007367870e-01
   7.9770183004505002e-01
  -7.9127675007367926e-01
   7.7189427132509947e-01
  -7.3919775623383055e-01
   6.9245708325375233e-01
  -6.3027600869875655e-01
   5.4988292272454031e-01
  -4.4508578655142217e-01
   2.9784052873871825e-01
  -1.1861775069192755e-01
  -2.6862992988917184e-01
  -4.1095531896363041e-01
  -5.4030259696293603e-01
  -6.5238139516001714e-01
  -7.4354644097492972e-01
  -8.1084966933199787e-01
  -8.5211944451280885e-01
  -8.6602540378443871e-01
  -8.5211944451280908e-01
  -8.1084966933199787e-01
  -7.4354644097492972e-01
  -6.5238139516001714e-01
  -5.4030259696293559e-01
  -4.1095531896363069e-01
  -2.6862992988917056e-01
  -1.1861775069192612e-01
   2.6273761789604227e-01
   5.7104681371458843e-01
   8.0887290955398461e-01
   9.4418875033593086e-01
   9.5939039582782759e-01
   8.5240973889894023e-01
   6.3682357182608740e-01
   3.4008322448367845e-01
   3.1141161204282791e-16
  -3.4008322448367823e-01
  -6.3682357182608706e-01
  -8.5240973889894023e-01
  -9.5939039582782759e-01
  -9.4418875033593053e-01
  -8.0887290955398494e-01
  -5.7104681371458599e-01
  -2.6273761789603917e-01
  -4.3341911399838784e-01
  -8.8423517366542004e-01
  -1.1048447039120908e+00
  -1.0380149449818539e+00
  -7.0950770787598227e-01
  -2.1857393796497165e-01
   2.9063546673263868e-01
   6.7012269057042007e-01
   8.1009258730098233e-01
   6.7012269057042018e-01
   2.9063546673263901e-01
  -2.1857393796497165e-01
  -7.0950770787598172e-01
  -1.0380149449818550e+00
  -1.1048447039120910e+00
  -8.8423517366541682e-01
  -4.3341911399838290e-01
   6.2244433874991034e-01
   1.1632505319266118e+00
   1.2005580618015317e+00
   7.3740060673442498e-01
   1.6285309298806894e-02
  -6.0553128596830097e-01
  -8.3315970483016355e-01
  -5.7833212135884837e-01
  -5.7209966211186094e-16
   5.7833212135884815e-01
   8.3315970483016333e-01
   6.0553128596830097e-01
  -1.6285309298806006e-02
  -7.3740060673442753e-01
  -1.2005580618015312e+00
  -1.1632505319266087e+00
  -6.2244433874990346e-01
  -8.2274416575597875e-01
  -1.3697356652753743e+00
  -1.0513911128814406e+00
  -1.4174308440203148e-01
   6.8139140045927327e-01
   8.4714085008954321e-01
   3.0630989309940421e-01
  -4.5446532130752415e-01
  -8.0282703616657047e-01
  -4.5446532130752493e-01
   3.0630989309940382e-01
   8.4714085008954321e-01
   6.8139140045927360e-01
  -1.4174308440203523e-01
  -1.0513911128814395e+00
  -1.3697356652753736e+00
  -8.2274416575597054e-01
   1.0278786662149613e+00
   1.4744061732056082e+00
   6.7585030815607250e-01
  -5.0997121284436775e-01
  -9.2202243662952188e-01
  -2.7525883902589798e-01
   6.1171806892414660e-01
   7.3953027479515088e-01
   8.3032958829213073e-16
  -7.3953027479515099e-01
  -6.1171806892414682e-01
   2.7525883902589798e-01
   9.2202243662952188e-01
   5.0997121284436397e-01
  -6.7585030815607028e-01
  -1.4744061732056095e+00
  -1.0278786662149513e+00
  -1.2318268778293382e+00
  -1.4593412774944043e+00
  -1.5067929290034335e-01
   9.4464232127264525e-01
   5.4276033861676520e-01
  -5.6028907376883774e-01
  -7.3849218137265049e-01
   1.8712905649706005e-01
   8.0054302859059379e-01
   1.8712905649706083e-01
  -7.3849218137264994e-01
  -5.6028907376883774e-01
   5.4276033861676420e-01
   9.4464232127264358e-01
  -1.5067929290033968e-01
  -1.4593412774944095e+00
  -1.2318268778293271e+00
   1.4289240334515958e+00
   1.3194840685957927e+00
  -4.0776942252272591e-01
  -9.7622876523767577e-01
   2.0217963416298854e-01
   8.5267363547090358e-01
  -8.8754111907640987e-02
  -8.0537017171431258e-01
  -1.0878097688661194e-15
   8.0537017171431302e-01
   8.8754111907641764e-02
  -8.5267363547090358e-01
  -2.0217963416299023e-01
   9.7622876523767743e-01
   4.0776942252272946e-01
  -1.3194840685958023e+00
  -1.4289240334515843e+00
  -1.6138670305195886e+00
  -1.0630190286171473e+00
   8.7171721070187203e-01
   5.8954796624568329e-01
  -8.0926055665493735e-01
  -3.1881592682934162e-01
   8.0020658253033849e-01
   1.0194114645326408e-01
  -7.9954172359761000e-01
   1.0194114645326326e-01
   8.0020658253033816e-01
  -3.1881592682934162e-01
  -8.0926055665493812e-01
   5.8954796624568828e-01
   8.7171721070187458e-01
  -1.0630190286171626e+00
  -1.6138670305195775e+00
   1.7817524746703421e+00
   7.1050631663838060e-01
  -1.1330354695189799e+00
   5.0394446167637823e-02
   8.6647971636271626e-01
  -5.2376956952528786e-01
  -4.7556617469542967e-01
   7.6812470871693750e-01
   1.3449642636426539e-15
  -7.6812470871693883e-01
   4.7556617469542856e-01
   5.2376956952528786e-01
  -8.6647971636271548e-01
  -5.0394446167630773e-02
   1.1330354695189808e+00
  -7.1050631663840147e-01
  -1.7817524746703315e+00
  -1.9281295021909488e+00
  -2.9281753804503213e-01
   1.1297645211931218e+00
  -6.6817367524107285e-01
  -3.3454553514504137e-01
   8.5734522320684414e-01
  -4.6456972913742561e-01
  -3.7692580618372706e-01
   7.9901553616082244e-01
  -3.7692580618372634e-01
  -4.6456972913742628e-01
   8.5734522320684414e-01
  -3.3454553514503954e-01
  -6.6817367524106663e-01
   1.1297645211931202e+00
  -2.9281753804505645e-01
  -1.9281295021909410e+00
   2.0490574911564812e+00
  -1.5194430157047237e-01
  -8.6166544971808656e-01
   9.9674006247069946e-01
  -4.2485245441307584e-01
  -3.5790001683806127e-01
   8.0252653638709748e-01
  -6.3283796514954072e-01
  -1.6019483068308926e-15
   6.3283796514954205e-01
  -8.0252653638709692e-01
   3.5790001683806127e-01
   4.2485245441307801e-01
  -9.9674006247069835e-01
   8.6166544971808157e-01
   1.5194430157044608e-01
  -2.0490574911564745e+00
  -2.1411626130126673e+00
   5.8224744766371350e-01
   3.9099973324191095e-01
  -8.9349204911768554e-01
   8.9448804346422006e-01
  -4.8921018622620738e-01
  -1.0061323192762146e-01
   6.0318627463973040e-01
  -7.9870529909373622e-01
   6.0318627463973007e-01
  -1.0061323192762024e-01
  -4.8921018622620738e-01
   8.9448804346422017e-01
  -8.9349204911769120e-01
   3.9099973324190473e-01
   5.8224744766368841e-01
  -2.1411626130126673e+00
   2.2016892300836082e+00
  -9.5728616215403861e-01
   1.7173125951887325e-01
   4.0280287309282470e-01
  -7.5409670651762695e-01
   8.6038048432321823e-01
  -7.3146665428025348e-01
   4.1691112227760624e-01
   1.8588320722729022e-15
  -4.1691112227760813e-01
   7.3146665428025359e-01
  -8.6038048432321823e-01
   7.5409670651762484e-01
  -4.0280287309283364e-01
  -1.7173125951888016e-01
   9.5728616215401618e-01
  -2.2016892300836126e+00
  -2.2285433564829558e+00
   1.2410785783296603e+00
  -6.9373761261795930e-01
   2.6262512518812881e-01
   9.9288292946157139e-02
  -3.9460471895567545e-01
   6.1527640630697311e-01
  -7.5210967640092907e-01
   7.9850718293067524e-01
  -7.5210967640092941e-01
   6.1527640630697178e-01
  -3.9460471895567545e-01
   9.9288292946154558e-02
   2.6262512518811892e-01
  -6.9373761261796396e-01
   1.2410785783296450e+00
  -2.2285433564829664e+00
   2.2203261933217817e+00
  -1.4061017207607986e+00
   1.0514083214824672e+00
  -8.1381480576094845e-01
   6.2315372176233530e-01
  -4.5499114381354416e-01
   2.9847389916680678e-01
  -1.4795265486994436e-01
  -2.1156518847765611e-15
   1.4795265486994583e-01
  -2.9847389916680844e-01
   4.5499114381354416e-01
  -6.2315372176233652e-01
   8.1381480576094223e-01
  -1.0514083214824697e+00
   1.4061017207607931e+00
  -2.2203261933218021e+00
   1.8164512368727785e-02
   9.3160792058304825e-02
   2.1802866045096417e-01
   3.7687600254046993e-01
   5.4944915418716767e-01
   7.1374088198425745e-01
   8.4879939762668821e-01
   9.3740081328758118e-01
   9.6824583655185426e-01
   9.3740081328758129e-01
   8.4879939762668821e-01
   7.1374088198425745e-01
   5.4944915418716789e-01
   3.7687600254046927e-01
   2.1802866045096445e-01
   9.3160792058303937e-02
   1.8164512368727351e-02
  -4.7605851233186856e-02
  -2.3432277614160435e-01
  -5.0776561626441519e-01
  -7.7926338254239391e-01
  -9.5606039183498426e-01
  -9.6815500465344462e-01
  -7.8876542780181302e-01
  -4.4266387145093233e-01
  -4.1195884042152487e-16
   4.4266387145093228e-01
   7.8876542780181269e-01
   9.6815500465344462e-01
   9.5606039183498426e-01
   7.7926338254239302e-01
   5.0776561626441574e-01
   2.3432277614160224e-01
   4.7605851233185739e-02
   9.2319764260785822e-02
   4.2973895859880235e-01
   8.3528460523963521e-01
   1.0690221273477523e+00
   9.6486380130464600e-01
   5.1919485783077246e-01
  -1.0030466523367212e-01
  -6.3078170474757900e-01
  -8.3852549156242095e-01
  -6.3078170474757955e-01
  -1.0030466523367232e-01
   5.1919485783077246e-01
   9.6486380130464577e-01
   1.0690221273477520e+00
   8.3528460523963599e-01
   4.2973895859879879e-01
   9.2319764260783685e-02
  -1.5344764683430603e-01
  -6.6499772236598498e-01
  -1.1152428165447295e+00
  -1.0755399657959452e+00
  -4.7181955120512120e-01
   3.3947606045010487e-01
   8.2393291277339531e-01
   6.6391957872609109e-01
   6.8315645137404659e-16
  -6.6391957872609086e-01
  -8.2393291277339531e-01
  -3.3947606045010487e-01
   4.7181955120512048e-01
   1.0755399657959466e+00
   1.1152428165447301e+00
   6.6499772236598020e-01
   1.5344764683430254e-01
   2.3143881871881072e-01
   9.1802959461616251e-01
   1.2619736873244107e+00
   7.3606206916910388e-01
  -2.8344055350208408e-01
  -8.7341683150403060e-01
  -5.1409896532418531e-01
   3.6363515890798909e-01
   8.1639690485082061e-01
   3.6363515890798992e-01
  -5.1409896532418475e-01
  -8.7341683150403060e-01
  -2.8344055350208519e-01
   7.3606206916910766e-01
   1.2619736873244112e+00
   9.1802959461615652e-01
   2.3143881871880551e-01
  -3.2613299112599453e-01
  -1.1619258978211964e+00
  -1.2141798410157578e+00
  -1.3834486501012849e-01
   8.5266054531005020e-01
   5.9786159912310910e-01
  -4.3547101634409219e-01
  -7.8888943255323041e-01
  -9.4602089443254117e-16
   7.8888943255323041e-01
   4.3547101634409263e-01
  -5.9786159912310910e-01
  -8.5266054531005020e-01
   1.3834486501013349e-01
   1.2141798410157558e+00
   1.1619258978211904e+00
   3.2613299112598731e-01
   4.3680125422354749e-01
   1.3680616130010639e+00
   9.5354256834066897e-01
  -5.0605829815022418e-01
  -8.7535555148124311e-01
   2.3307481080015421e-01
   8.2444879492462209e-01
  -6.9846224237377089e-02
  -8.0850882706220362e-01
  -6.9846224237378032e-02
   8.2444879492462175e-01
   2.3307481080015421e-01
  -8.7535555148124211e-01
  -5.0605829815021919e-01
   9.5354256834066586e-01
   1.3680616130010583e+00
   4.3680125422353816e-01
  -5.6218270028454076e-01
  -1.5093962142574777e+00
  -5.1281250147583002e-01
   9.4745887027677989e-01
   3.3199036022858391e-01
  -8.3870758692411662e-01
  -1.6044608345093983e-01
   8.0928284012384610e-01
   1.2061508770300891e-15
  -8.0928284012384688e-01
   1.6044608345093894e-01
   8.3870758692411662e-01
  -3.3199036022858275e-01
  -9.4745887027677733e-01
   5.1281250147582635e-01
   1.5093962142574755e+00
   5.6218270028452910e-01
   7.0052444206352638e-01
   1.5636476431221928e+00
  -2.8891269897810493e-02
  -1.0058243028513449e+00
   4.2619529844079745e-01
   6.4462953574567372e-01
  -7.0576346847896132e-01
  -2.2495217237258175e-01
   8.0478467632289075e-01
  -2.2495217237258092e-01
  -7.0576346847896132e-01
   6.4462953574567372e-01
   4.2619529844079879e-01
  -1.0058243028513467e+00
  -2.8891269897815427e-02
   1.5636476431221953e+00
   7.0052444206351194e-01
  -8.4962756370174064e-01
  -1.5160170623240175e+00
   5.6275056505651289e-01
   6.5287036093537520e-01
  -9.0037410342256674e-01
   1.6437296521234243e-01
   6.6355936574925678e-01
  -7.2497031347568042e-01
  -1.4650284848418158e-15
   7.2497031347568164e-01
  -6.6355936574925634e-01
  -1.6437296521234243e-01
   9.0037410342256674e-01
  -6.5287036093538120e-01
  -5.6275056505651722e-01
   1.5160170623240254e+00
   8.4962756370172432e-01
   1.0068997780906777e+00
   1.3611765215501173e+00
  -9.7507344778994287e-01
  -3.0776006511297693e-02
   7.7494983428505027e-01
  -8.1377027880088404e-01
   2.3163298798943227e-01
   4.8661210030816743e-01
  -8.0272902883712394e-01
   4.8661210030816660e-01
   2.3163298798943296e-01
  -8.1377027880088404e-01
   7.7494983428504904e-01
  -3.0776006511306023e-02
  -9.7507344778994476e-01
   1.3611765215501312e+00
   1.0068997780906581e+00
  -1.1694147167624958e+00
  -1.1043010917182499e+00
   1.1743555211003482e+00
  -6.0293150311022981e-01
  -1.3224951994656423e-01
   6.7980567309899609e-01
  -8.2679904242694169e-01
   5.4786819032356049e-01
   1.7232250022991668e-15
  -5.4786819032356249e-01
   8.2679904242694147e-01
  -6.7980567309899609e-01
   1.3224951994656173e-01
   6.0293150311022325e-01
  -1.1743555211003482e+00
   1.1043010917182692e+00
   1.1694147167624762e+00
   1.3339772782919703e+00
   7.6102139182490725e-01
  -1.1139708061523375e+00
   9.8228531752897297e-01
  -5.9809408866627800e-01
   1.0866358891621644e-01
   3.5516980342821713e-01
  -6.8332342840389571e-01
   8.0147378330165098e-01
  -6.8332342840389559e-01
   3.5516980342821552e-01
   1.0866358891621644e-01
  -5.9809408866628000e-01
   9.8228531752897030e-01
  -1.1139708061523330e+00
   7.6102139182493389e-01
   1.3339772782919495e+00
  -1.4971941296974438e+00
  -3.5628128881422888e-01
   8.0481139436381444e-01
  -9.4613754550886098e-01
   9.2542805638318570e-01
  -7.9131360880273993e-01
   5.7415749896088353e-01
  -3.0119349586883987e-01
  -1.9810091181880831e-15
   3.0119349586884203e-01
  -5.7415749896088408e-01
   7.9131360880273993e-01
  -9.2542805638318537e-01
   9.4613754550886398e-01
  -8.0481139436380889e-01
   3.5628128881426091e-01
   1.4971941296974225e+00
   1.6555482224965647e+00
  -7.7802491715964775e-02
  -3.1452915131446529e-01
   5.0852541258039996e-01
  -6.2879822828090581e-01
   7.0886087831505895e-01
  -7.6111966286432975e-01
   7.9093536142039333e-01
  -8.0065083023186756e-01
   7.9093536142039378e-01
  -7.6111966286432842e-01
   7.0886087831505895e-01
  -6.2879822828090293e-01
   5.0852541258041006e-01
  -3.1452915131445802e-01
  -7.7802491715930469e-02
   1.6555482224965454e+00
  -2.6873002412376380e-03
  -3.1212627839296566e-02
  -1.1175088097036159e-01
  -2.5396759296702170e-01
  -4.4706620285726795e-01
  -6.6189855885351367e-01
  -8.5839695768572277e-01
  -9.9625052824558158e-01
  -1.0458250331675945e+00
  -9.9625052824558180e-01
  -8.5839695768572277e-01
  -6.6189855885351367e-01
  -4.4706620285726806e-01
  -2.5396759296702104e-01
  -1.1175088097036182e-01
  -3.1212627839296122e-02
  -2.6873002412375418e-03
   7.9859211413295661e-03
   8.9019243770692841e-02
   2.9510250268078880e-01
   5.9543769131907076e-01
   8.8206764363923107e-01
   1.0180473829061198e+00
   9.0448883157419657e-01
   5.3344488029615578e-01
   5.0454447703068850e-16
  -5.3344488029615555e-01
  -9.0448883157419657e-01
  -1.0180473829061198e+00
  -8.8206764363923162e-01
  -5.9543769131906943e-01
  -2.9510250268078936e-01
  -8.9019243770691647e-02
  -7.9859211413292816e-03
  -1.7449320753934874e-02
  -1.8463038308726626e-01
  -5.5348783943089164e-01
  -9.4694703052867191e-01
  -1.0723188111321857e+00
  -7.4950017301771388e-01
  -7.8486818183625282e-02
   5.8921175150332927e-01
   8.6715230784447561e-01
   5.8921175150332994e-01
  -7.8486818183624893e-02
  -7.4950017301771388e-01
  -1.0723188111321855e+00
  -9.4694703052867080e-01
  -5.5348783943089253e-01
  -1.8463038308726390e-01
  -1.7449320753934260e-02
   3.2390397400510314e-02
   3.2158516637784884e-01
   8.4820612276218355e-01
   1.1522431389546104e+00
   8.0692561106135052e-01
  -5.7554462633776865e-02
  -7.7337743126725100e-01
  -7.3555849254109762e-01
  -7.8771981228990420e-16
   7.3555849254109773e-01
   7.7337743126725100e-01
   5.7554462633776865e-02
  -8.0692561106135008e-01
  -1.1522431389546104e+00
  -8.4820612276218466e-01
  -3.2158516637784496e-01
  -3.2390397400509176e-02
  -5.4101121587901743e-02
  -4.9788344413019769e-01
  -1.1174836681046298e+00
  -1.0797332126773360e+00
  -1.4294942738733360e-01
   7.8422396143288819e-01
   6.7505372667426922e-01
  -2.7542099596708114e-01
  -8.3194871949838356e-01
  -2.7542099596708192e-01
   6.7505372667426844e-01
   7.8422396143288819e-01
  -1.4294942738733268e-01
  -1.0797332126773380e+00
  -1.1174836681046305e+00
  -4.9788344413019181e-01
  -5.4101121587899856e-02
   8.3806150648334313e-02
   7.0555950827120839e-01
   1.2908373524504044e+00
   6.9325824949255832e-01
  -5.8449551415548906e-01
  -8.0960525122801519e-01
   2.4368158587210448e-01
   8.2317812913802557e-01
   1.0562723279389984e-15
  -8.2317812913802579e-01
  -2.4368158587210512e-01
   8.0960525122801519e-01
   5.8449551415549017e-01
  -6.9325824949256276e-01
  -1.2908373524504044e+00
  -7.0555950827120095e-01
  -8.3806150648331454e-02
  -1.2261496424379106e-01
  -9.3094595252628221e-01
  -1.3073911608627515e+00
  -8.5443889919396734e-02
   9.5480259419607982e-01
   1.0773934382655125e-01
  -8.4530594425271277e-01
  -4.0270702972330825e-02
   8.1835704429859013e-01
  -4.0270702972329965e-02
  -8.4530594425271233e-01
   1.0773934382655125e-01
   9.5480259419608016e-01
  -8.5443889919402480e-02
  -1.3073911608627506e+00
  -9.3094595252627355e-01
  -1.2261496424378693e-01
   1.7147684248688605e-01
   1.1556686200539075e+00
   1.1335983617284513e+00
  -5.4554651432294199e-01
  -7.3704036769963632e-01
   6.8473117845333376e-01
   3.8078015824991757e-01
  -7.9876225494521280e-01
  -1.3198225278054047e-15
   7.9876225494521413e-01
  -3.8078015824991629e-01
  -6.8473117845333376e-01
   7.3704036769963510e-01
   5.4554651432293633e-01
  -1.1335983617284484e+00
  -1.1556686200538986e+00
  -1.7147684248688028e-01
  -2.3113991281433202e-01
  -1.3582926239136299e+00
  -7.7557052214594135e-01
   9.7012523729633393e-01
   5.9699802350902553e-02
  -8.3587052239153392e-01
   5.6058929227092313e-01
   3.3599957811128989e-01
  -8.1159923213285012e-01
   3.3599957811128900e-01
   5.6058929227092358e-01
  -8.3587052239153392e-01
   5.9699802350900846e-02
   9.7012523729633049e-01
  -7.7557052214593736e-01
  -1.3582926239136222e+00
  -2.3113991281432450e-01
   3.0211512718143846e-01
   1.5164595476973026e+00
   2.8234958661023557e-01
  -1.0225333984580327e+00
   6.5144606721413789e-01
   2.0393437461358815e-01
  -7.8477737539962578e-01
   6.7004912925989646e-01
   1.5810069055759769e-15
  -6.7004912925989790e-01
   7.8477737539962522e-01
  -2.0393437461358815e-01
  -6.5144606721413956e-01
   1.0225333984580347e+00
  -2.8234958661023007e-01
  -1.5164595476972969e+00
  -3.0211512718142852e-01
  -3.8464592530963981e-01
  -1.6092954592512283e+00
   2.6139235781504672e-01
   6.7586790556034970e-01
  -9.3940810675386632e-01
   6.1713389297536347e-01
   8.2337591162170883e-03
  -5.8003747599610678e-01
   8.0773050419648929e-01
  -5.8003747599610633e-01
   8.2337591162158982e-03
   6.1713389297536347e-01
  -9.3940810675386577e-01
   6.7586790556035758e-01
   2.6139235781505238e-01
  -1.6092954592512261e+00
  -3.8464592530962793e-01
   4.7868425024818934e-01
   1.6198319886955190e+00
  -7.5210931508531587e-01
  -6.2134632133807592e-02
   6.1521860192233135e-01
  -8.5060246923535521e-01
   7.7591649969937060e-01
  -4.5569236024431531e-01
  -1.8408719209115437e-15
   4.5569236024431714e-01
  -7.7591649969937049e-01
   8.5060246923535521e-01
  -6.1521860192232891e-01
   6.2134632133817098e-02
   7.5210931508531975e-01
  -1.6198319886955228e+00
  -4.7868425024817479e-01
  -5.8387347638200005e-01
  -1.5371723734866058e+00
   1.0900176690137473e+00
  -5.7477105127635764e-01
   1.1113413306930882e-01
   2.7440293780631797e-01
  -5.6419230823043909e-01
   7.4422416949690184e-01
  -8.0530311128252619e-01
   7.4422416949690218e-01
  -5.6419230823043764e-01
   2.7440293780631797e-01
   1.1113413306931130e-01
  -5.7477105127634909e-01
   1.0900176690137491e+00
  -1.5371723734866172e+00
  -5.8387347638198295e-01
   6.9953868508919148e-01
   1.3581525987999470e+00
  -1.2023766206361950e+00
   9.7614006984867996e-01
  -7.6245981978046573e-01
   5.6221386456683498e-01
  -3.7073518482815171e-01
   1.8424856294082226e-01
   2.0999219127903316e-15
  -1.8424856294082373e-01
   3.7073518482815332e-01
  -5.6221386456683498e-01
   7.6245981978046640e-01
  -9.7614006984867718e-01
   1.2023766206361941e+00
  -1.3581525987999674e+00
  -6.9953868508917261e-01
   3.9040152463014262e-04
   1.0269052221382457e-02
   5.6245941509590669e-02
   1.6805869519820316e-01
   3.5720623939113877e-01
   6.0276102707346080e-01
   8.5246026199425295e-01
   1.0397158623244274e+00
   1.1092649593311781e+00
   1.0397158623244278e+00
   8.5246026199425295e-01
   6.0276102707346080e-01
   3.5720623939113905e-01
   1.6805869519820255e-01
   5.6245941509590829e-02
   1.0269052221382267e-02
   3.9040152463012398e-04
  -1.2826123553179806e-03
  -3.2378670833447219e-02
  -1.6420569522620537e-01
  -4.3560624213973992e-01
  -7.7915556334635738e-01
  -1.0249361434073219e+00
  -9.9303434673043622e-01
  -6.1547546390037533e-01
  -5.9163084164915293e-16
   6.1547546390037522e-01
   9.9303434673043589e-01
   1.0249361434073219e+00
   7.7915556334635772e-01
   4.3560624213973864e-01
   1.6420569522620582e-01
   3.2378670833446629e-02
   1.2826123553179196e-03
   3.0825647529128413e-03
   7.4029261396167167e-02
   3.4114632731828326e-01
   7.7480535890396252e-01
   1.0822175303812760e+00
   9.1913172025865486e-01
   2.4535820201573538e-01
  -5.4450545164434749e-01
  -8.9431800132838646e-01
  -5.4450545164434838e-01
   2.4535820201573488e-01
   9.1913172025865486e-01
   1.0822175303812762e+00
   7.7480535890396085e-01
   3.4114632731828404e-01
   7.4029261396165863e-02
   3.0825647529126956e-03
  -6.2566581276051903e-03
  -1.4164359290414810e-01
  -5.8068655911895761e-01
  -1.0759329990238082e+00
  -1.0218265234264245e+00
  -2.1373538082043675e-01
   6.9327264359325169e-01
   7.9576797186041792e-01
   8.8744626247372969e-16
  -7.9576797186041792e-01
  -6.9327264359325180e-01
   2.1373538082043675e-01
   1.0218265234264239e+00
   1.0759329990238069e+00
   5.8068655911895861e-01
   1.4164359290414566e-01
   6.2566581276048971e-03
   1.1362159347782201e-02
   2.4017647449467142e-01
   8.5465961553187453e-01
   1.2034267996668255e+00
   5.2280990537879191e-01
  -6.1892932655680921e-01
  -7.9388117764647581e-01
   1.8891963869812095e-01
   8.4797121164650957e-01
   1.8891963869812184e-01
  -7.9388117764647559e-01
  -6.1892932655680921e-01
   5.2280990537879024e-01
   1.2034267996668255e+00
   8.5465961553187575e-01
   2.4017647449466742e-01
   1.1362159347781668e-02
  -1.9038414457301686e-02
  -3.7199678211231707e-01
  -1.1154081422808966e+00
  -1.0559380785084502e+00
   2.2178884762551201e-01
   9.1407551036059054e-01
  -4.8925128419945278e-02
  -8.4479525054454263e-01
  -1.1622760674053642e-15
   8.4479525054454341e-01
   4.8925128419946090e-02
  -9.1407551036059054e-01
  -2.2178884762551315e-01
   1.0559380785084524e+00
   1.1154081422808977e+00
   3.7199678211231146e-01
   1.9038414457300805e-02
   2.9993511657317489e-02
   5.3593975438484553e-01
   1.3042458035768998e+00
   6.2196676061429590e-01
  -8.2905074864444006e-01
  -4.1625007126538449e-01
   8.1362335159953636e-01
   1.4391774595110479e-01
  -8.2905497605424971e-01
   1.4391774595110382e-01
   8.1362335159953603e-01
  -4.1625007126538449e-01
  -8.2905074864444062e-01
   6.2196676061430167e-01
   1.3042458035769005e+00
   5.3593975438483787e-01
   2.9993511657316105e-02
  -4.4987249893048642e-02
  -7.2669003550607270e-01
  -1.3646339658881204e+00
  -3.3846795398423681e-03
   9.5115662784130106e-01
  -4.4181892388171817e-01
  -5.6476272027833130e-01
   7.7625680953271770e-01
   1.4297214052288066e-15
  -7.7625680953271903e-01
   5.6476272027833085e-01
   4.4181892388171817e-01
  -9.5115662784130028e-01
   3.3846795398500525e-03
   1.3646339658881199e+00
   7.2669003550606337e-01
   4.4987249893046609e-02
   6.4810926968143737e-02
   9.3461191700273960e-01
   1.2570550669275293e+00
  -6.0902848325418735e-01
  -5.0655818984806034e-01
   8.9143973328370996e-01
  -3.8360696786052895e-01
  -4.3587397391916693e-01
   8.1928188432118232e-01
  -4.3587397391916605e-01
  -3.8360696786052950e-01
   8.9143973328370996e-01
  -5.0655818984805845e-01
  -6.0902848325418102e-01
   1.2570550669275260e+00
   9.3461191700272839e-01
   6.4810926968140753e-02
  -9.0264481146188499e-02
  -1.1460941382605960e+00
  -9.7177055380187882e-01
   1.0030792157725570e+00
  -2.4285172661546187e-01
  -5.2211455236283999e-01
   8.4268447254160195e-01
  -6.0587127352605941e-01
  -1.6935971491804266e-15
   6.0587127352606129e-01
  -8.4268447254160150e-01
   5.2211455236283999e-01
   2.4285172661546414e-01
  -1.0030792157725552e+00
   9.7177055380187405e-01
   1.1460941382605840e+00
   9.0264481146184503e-02
   1.2213157512844369e-01
   1.3444185751877551e+00
   5.3583364917838916e-01
  -1.0302454800471939e+00
   8.3611511558546758e-01
  -3.2688010284947833e-01
  -2.3639787639726470e-01
   6.5835269687959674e-01
  -8.1352669697631352e-01
   6.5835269687959652e-01
  -2.3639787639726315e-01
  -3.2688010284947833e-01
   8.3611511558546858e-01
  -1.0302454800471963e+00
   5.3583364917838172e-01
   1.3444185751877444e+00
   1.2213157512843836e-01
  -1.6115326421496137e-01
  -1.5111004575530260e+00
  -1.1891098200331223e-02
   6.7241168073393631e-01
  -8.9897169422115519e-01
   8.6676842472790316e-01
  -6.6576296306419958e-01
   3.5877437969768089e-01
   1.9554466392622838e-15
  -3.5877437969768311e-01
   6.6576296306419991e-01
  -8.6676842472790316e-01
   8.9897169422115386e-01
  -6.7241168073394320e-01
   1.1891098200325093e-02
   1.5111004575530171e+00
   1.6115326421495441e-01
   2.0800093313646620e-01
   1.6275890662923667e+00
  -5.1179302331560950e-01
  -5.9364092226710664e-02
   3.8831597861445766e-01
  -5.9206994377327393e-01
   7.1810147274854486e-01
  -7.8757297509321877e-01
   8.0983641752507496e-01
  -7.8757297509321922e-01
   7.1810147274854330e-01
  -5.9206994377327393e-01
   3.8831597861445449e-01
  -5.9364092226721572e-02
  -5.1179302331561516e-01
   1.6275890662923631e+00
   2.0800093313645773e-01
  -5.6082439992033350e-05
  -3.3407999616791558e-03
  -2.7993133005402897e-02
  -1.0996734840753516e-01
  -2.8221904261866804e-01
  -5.4277392303633298e-01
  -8.3710550513576676e-01
  -1.0729533900126287e+00
  -1.1634069043116431e+00
  -1.0729533900126293e+00
  -8.3710550513576676e-01
  -5.4277392303633298e-01
  -2.8221904261866826e-01
  -1.0996734840753468e-01
  -2.7993133005403004e-02
  -3.3407999616790786e-03
  -5.6082439992030002e-05
   2.0030239769139630e-04
   1.1451291231939017e-02
   8.8843133189871040e-02
   3.0986476419774717e-01
   6.6921672707207969e-01
   1.0033349763050805e+00
   1.0600971291035959e+00
   6.9048184551873082e-01
   6.7456294637908370e-16
  -6.9048184551873082e-01
  -1.0600971291035954e+00
  -1.0033349763050805e+00
  -6.6921672707208024e-01
  -3.0986476419774589e-01
  -8.8843133189871346e-02
  -1.1451291231938757e-02
  -2.0030239769138438e-04
  -5.2123168747167489e-04
  -2.8390057585850465e-02
  -2.0078291469141551e-01
  -6.0333579137655913e-01
  -1.0314342196741457e+00
  -1.0371661254516957e+00
  -3.9954166948436692e-01
   4.9695583734831533e-01
   9.1975391579758958e-01
   4.9695583734831611e-01
  -3.9954166948436637e-01
  -1.0371661254516957e+00
  -1.0314342196741457e+00
  -6.0333579137655702e-01
  -2.0078291469141610e-01
  -2.8390057585849827e-02
  -5.2123168747164399e-04
   1.1405647999399901e-03
   5.8741264123758297e-02
   3.7222534340489566e-01
   9.2771416120843686e-01
   1.1342212481833855e+00
   4.5963349579818602e-01
  -5.9214677182424269e-01
  -8.4621662436256495e-01
  -9.8333602259538674e-16
   8.4621662436256528e-01
   5.9214677182424313e-01
  -4.5963349579818602e-01
  -1.1342212481833849e+00
  -9.2771416120843453e-01
  -3.7222534340489666e-01
  -5.8741264123757013e-02
  -1.1405647999399226e-03
  -2.2238523899682466e-03
  -1.0745205597339251e-01
  -5.9830946216235359e-01
  -1.1745704276543203e+00
  -8.2273927486134557e-01
   4.0818695376166192e-01
   8.7475350679195985e-01
  -1.0401892612398439e-01
  -8.6385550753041096e-01
  -1.0401892612398535e-01
   8.7475350679195951e-01
   4.0818695376166192e-01
  -8.2273927486134490e-01
  -1.1745704276543187e+00
  -5.9830946216235503e-01
  -1.0745205597339025e-01
  -2.2238523899681165e-03
   3.9856123575021107e-03
   1.7920031301360381e-01
   8.5725503644359835e-01
   1.2262782396408456e+00
   1.5873812415623345e-01
  -9.2412051948170315e-01
  -1.3996264486948160e-01
   8.5552183662499492e-01
   1.2648055244607826e-15
  -8.5552183662499603e-01
   1.3996264486948057e-01
   9.2412051948170315e-01
  -1.5873812415623204e-01
  -1.2262782396408467e+00
  -8.5725503644360024e-01
  -1.7920031301360023e-01
  -3.9856123575018774e-03
  -6.6929935063683374e-03
  -2.7763281829451070e-01
  -1.1107320071066777e+00
  -1.0073800279534435e+00
   5.6593193030992250e-01
   6.6577238767289348e-01
  -7.4041656681476697e-01
  -2.4134980608235587e-01
   8.4008501712537109e-01
  -2.4134980608235490e-01
  -7.4041656681476720e-01
   6.6577238767289348e-01
   5.6593193030992361e-01
  -1.0073800279534473e+00
  -1.1107320071066791e+00
  -2.7763281829450531e-01
  -6.6929935063679506e-03
   1.0667784847218887e-02
   4.0456621264313708e-01
   1.3090652193588086e+00
   5.2883270567139906e-01
  -9.7371302396022064e-01
   1.5531927670224605e-01
   7.0881245196067300e-01
  -7.4371382652755325e-01
  -1.5364625353052912e-15
   7.4371382652755458e-01
  -7.0881245196067244e-01
  -1.5531927670224605e-01
   9.7371302396022141e-01
  -5.2883270567140594e-01
  -1.3090652193588086e+00
  -4.0456621264312964e-01
  -1.0667784847218260e-02
  -1.6286555356074973e-02
  -5.5925572954768765e-01
  -1.4007765791847382e+00
   9.7410396816054373e-02
   8.2906026837040914e-01
  -8.2815206843145295e-01
   1.9025791957701374e-01
   5.2510833766910081e-01
  -8.2743414366123735e-01
   5.2510833766910026e-01
   1.9025791957701482e-01
  -8.2815206843145295e-01
   8.2906026837040736e-01
   9.7410396816046019e-02
  -1.4007765791847371e+00
  -5.5925572954767788e-01
  -1.6286555356074046e-02
   2.3978753628278358e-02
   7.3783997074481555e-01
   1.3446524971220193e+00
  -6.8557494456102108e-01
  -2.0437736333838011e-01
   7.5503840603570804e-01
  -8.4355158224933169e-01
   5.3449789559621530e-01
   1.8032991532470537e-15
  -5.3449789559621708e-01
   8.4355158224933113e-01
  -7.5503840603570804e-01
   2.0437736333837733e-01
   6.8557494456101409e-01
  -1.3446524971220153e+00
  -7.3783997074480401e-01
  -2.3978753628277009e-02
  -3.4222652181240383e-02
  -9.3306011990931326e-01
  -1.1215562031927369e+00
   1.0394296888424546e+00
  -5.3645060748664464e-01
  -1.8343601814372527e-04
   4.3965417703723003e-01
  -7.2253284675907981e-01
   8.1981424458509922e-01
  -7.2253284675907981e-01
   4.3965417703722864e-01
  -1.8343601814372527e-04
  -5.3645060748664641e-01
   1.0394296888424512e+00
  -1.1215562031927329e+00
  -9.3306011990930016e-01
  -3.4222652181238461e-02
   4.7539081683734490e-02
   1.1343290697910065e+00
   7.4288022651142283e-01
  -1.0289884940972573e+00
   9.4531695658105996e-01
  -7.4924062651425061e-01
   5.1233007244176243e-01
  -2.5914663208741928e-01
  -2.0673630119568381e-15
   2.5914663208742084e-01
  -5.1233007244176365e-01
   7.4924062651425061e-01
  -9.4531695658105908e-01
   1.0289884940972613e+00
  -7.4288022651141705e-01
  -1.1343290697909933e+00
  -4.7539081683731908e-02
   7.9951571803289133e-06
   1.0785872748158964e-03
   1.3825999439350778e-02
   7.1408716912963716e-02
   2.2127803333188117e-01
   4.8503993265075163e-01
   8.1577607345899983e-01
   1.0988331509614999e+00
   1.2109122981248477e+00
   1.0988331509615008e+00
   8.1577607345899983e-01
   4.8503993265075163e-01
   2.2127803333188140e-01
   7.1408716912963355e-02
   1.3825999439350836e-02
   1.0785872748158662e-03
   7.9951571803283390e-06
  -3.0673279160391386e-05
  -3.9713049163877332e-03
  -4.7134927876109227e-02
  -2.1613924181638394e-01
  -5.6362822021843340e-01
  -9.6311561921360589e-01
  -1.1097122421597629e+00
  -7.5958628537062867e-01
  -7.5418430160308840e-16
   7.5958628537062867e-01
   1.1097122421597625e+00
   9.6311561921360589e-01
   5.6362822021843373e-01
   2.1613924181638286e-01
   4.7134927876109421e-02
   3.9713049163876231e-03
   3.0673279160389191e-05
   8.5463787666516434e-05
   1.0553057479418133e-02
   1.1443559611180749e-01
   4.5411373902345786e-01
   9.4622735829160642e-01
   1.1121921387978291e+00
   5.4059048610888549e-01
  -4.4706767998031011e-01
  -9.4353526116542108e-01
  -4.4706767998031105e-01
   5.4059048610888483e-01
   1.1121921387978291e+00
   9.4622735829160687e-01
   4.5411373902345598e-01
   1.1443559611180788e-01
   1.0553057479417845e-02
   8.5463787666510335e-05
  -1.9958027844212597e-04
  -2.3352903091438688e-02
  -2.2802606696690259e-01
  -7.5893237910068556e-01
  -1.1668683165616551e+00
  -6.7264005440265850e-01
   4.7648242728332557e-01
   8.8812375799094467e-01
   1.0760585446884828e-15
  -8.8812375799094523e-01
  -4.7648242728332607e-01
   6.7264005440265850e-01
   1.1668683165616551e+00
   7.5893237910068290e-01
   2.2802606696690336e-01
   2.3352903091438077e-02
   1.9958027844211183e-04
   4.1398052706312669e-04
   4.5598039486541057e-02
   3.9451562033197957e-01
   1.0577161400528738e+00
   1.0342848770859079e+00
  -1.7546644433574854e-01
  -9.2167965694298970e-01
   2.0858776522362028e-02
   8.7934559331661566e-01
   2.0858776522363204e-02
  -9.2167965694298915e-01
  -1.7546644433574854e-01
   1.0342848770859070e+00
   1.0577161400528714e+00
   3.9451562033198090e-01
   4.5598039486539892e-02
   4.1398052706309737e-04
  -7.8699375221455339e-04
  -8.1038790315656389e-02
  -6.1010995066573392e-01
  -1.2459168350947996e+00
  -5.0747449222348551e-01
   8.5661431596591853e-01
   3.1678261793997620e-01
  -8.5676783493897324e-01
  -1.3644024602958798e-15
   8.5676783493897435e-01
  -3.1678261793997553e-01
  -8.5661431596591853e-01
   5.0747449222348406e-01
   1.2459168350947982e+00
   6.1010995066573570e-01
   8.1038790315654349e-02
   7.8699375221449798e-04
   1.3980747254702067e-03
   1.3362829698386317e-01
   8.5729403479286270e-01
   1.2228862038543975e+00
  -2.3105127388666569e-01
  -8.4351276534653208e-01
   6.3541980590226999e-01
   3.3265529608667715e-01
  -8.5117240159962504e-01
   3.3265529608667627e-01
   6.3541980590227032e-01
  -8.4351276534653208e-01
  -2.3105127388666780e-01
   1.2228862038543995e+00
   8.5729403479286415e-01
   1.3362829698385995e-01
   1.3980747254701074e-03
  -2.3515453712097266e-03
  -2.0706960500585117e-01
  -1.1043510822052480e+00
  -9.3657735000338382e-01
   8.3779963524071155e-01
   1.3790337961862850e-01
  -8.1207264889637298e-01
   7.0274422275472703e-01
   1.6404930720769014e-15
  -7.0274422275472881e-01
   8.1207264889637210e-01
  -1.3790337961862850e-01
  -8.3779963524071244e-01
   9.3657735000339071e-01
   1.1043510822052494e+00
   2.0706960500584634e-01
   2.3515453712095631e-03
   3.7801632463532139e-03
   3.0426339324736978e-01
   1.3086165094005138e+00
   4.1837484386494855e-01
  -9.9202134163716538e-01
   6.7189258425419507e-01
   7.0129223791403758e-03
  -6.0412616234474303e-01
   8.3581922710498158e-01
  -6.0412616234474259e-01
   7.0129223791389420e-03
   6.7189258425419507e-01
  -9.9202134163716438e-01
   4.1837484386495688e-01
   1.3086165094005133e+00
   3.0426339324736312e-01
   3.7801632463529528e-03
  -5.8483459146143829e-03
  -4.2670938732363911e-01
  -1.4234775104874355e+00
   2.1026000601408237e-01
   5.9693683310158119e-01
  -8.8724135460015330e-01
   7.9524148148226703e-01
  -4.5766088396060195e-01
  -1.9104878332158254e-15
   4.5766088396060400e-01
  -7.9524148148226681e-01
   8.8724135460015330e-01
  -5.9693683310157908e-01
  -2.1026000601407352e-01
   1.4234775104874353e+00
   4.2670938732363006e-01
   5.8483459146139796e-03
   8.7548757814709943e-03
   5.7392994746674342e-01
   1.4080849995689075e+00
  -7.6799937069781676e-01
   1.3426934294460777e-01
   3.1657725322914115e-01
  -6.0924279190761110e-01
   7.7346228591380206e-01
  -8.2639920373942988e-01
   7.7346228591380228e-01
  -6.0924279190760933e-01
   3.1657725322914115e-01
   1.3426934294461049e-01
  -7.6799937069780966e-01
   1.4080849995689053e+00
   5.7392994746673232e-01
   8.7548757814704045e-03
  -1.1335160412619571e-06
  -3.4630652215263515e-04
  -6.7911311995230853e-03
  -4.6114686934065022e-02
  -1.7254041967479850e-01
  -4.3105885809700201e-01
  -7.9060997111739650e-01
  -1.1191368829803148e+00
  -1.2534133084800880e+00
  -1.1191368829803159e+00
  -7.9060997111739650e-01
  -4.3105885809700201e-01
  -1.7254041967479863e-01
  -4.6114686934064737e-02
  -6.7911311995231208e-03
  -3.4630652215262377e-04
  -1.1335160412618622e-06
   4.6295598478836843e-06
   1.3574300006032687e-03
   2.4647181538883744e-02
   1.4859373182347879e-01
   4.6786882464075130e-01
   9.1120550822391067e-01
   1.1449342104615876e+00
   8.2358305304893931e-01
   8.3107062332430797e-16
  -8.2358305304893942e-01
  -1.1449342104615872e+00
  -9.1120550822391067e-01
  -4.6786882464075163e-01
  -1.4859373182347793e-01
  -2.4647181538883858e-02
  -1.3574300006032251e-03
  -4.6295598478832972e-06
  -1.3696365754733467e-05
  -3.8330789871238724e-03
  -6.3694850411082901e-02
  -3.3341285904159762e-01
  -8.4464414017540657e-01
  -1.1520655796782515e+00
  -6.6841082788878980e-01
   3.9533511437515323e-01
   9.6581981878779033e-01
   3.9533511437515423e-01
  -6.6841082788878925e-01
  -1.1520655796782515e+00
  -8.4464414017540712e-01
  -3.3341285904159590e-01
  -6.3694850411083206e-02
  -3.8330789871237514e-03
  -1.3696365754732327e-05
   3.3872652421638744e-05
   8.9974491386433497e-03
   1.3512264316321015e-01
   5.9799988404992055e-01
   1.1418529552502130e+00
   8.4987441671828368e-01
  -3.5133153497636499e-01
  -9.2243760053371116e-01
  -1.1660930762595827e-15
   9.2243760053371204e-01
   3.5133153497636554e-01
  -8.4987441671828368e-01
  -1.1418529552502132e+00
  -5.9799988404991811e-01
  -1.3512264316321074e-01
  -8.9974491386430704e-03
  -3.3872652421635932e-05
  -7.4222178206401738e-05
  -1.8604960813099140e-02
  -2.4907983353196733e-01
  -9.0170860407656861e-01
  -1.1628985405112255e+00
  -6.1740713580225148e-02
   9.3854969541398225e-01
   6.0350286696894441e-02
  -8.9433879531100480e-01
   6.0350286696893352e-02
   9.3854969541398225e-01
  -6.1740713580225148e-02
  -1.1628985405112249e+00
  -9.0170860407656506e-01
  -2.4907983353196836e-01
  -1.8604960813098571e-02
  -7.4222178206395585e-05
   1.4870651863035570e-04
   3.4967999748933359e-02
   4.1105139851608635e-01
   1.1656816105401739e+00
   7.9696679222374844e-01
  -7.2939620485085588e-01
  -4.7728456748990666e-01
   8.4969675251804422e-01
   1.4614673859733373e-15
  -8.4969675251804500e-01
   4.7728456748990611e-01
   7.2939620485085588e-01
  -7.9696679222374722e-01
  -1.1656816105401717e+00
  -4.1105139851608752e-01
  -3.4967999748932325e-02
  -1.4870651863034331e-04
  -2.7781238017704767e-04
  -6.0907539972254961e-02
  -6.1802020675458080e-01
  -1.2913465841913814e+00
  -1.2204662655566841e-01
   9.4643075438444291e-01
  -5.0719989327278814e-01
  -4.1786647433989882e-01
   8.6216663884265465e-01
  -4.1786647433989810e-01
  -5.0719989327278880e-01
   9.4643075438444291e-01
  -1.2204662655566639e-01
  -1.2913465841913827e+00
  -6.1802020675458236e-01
  -6.0907539972253191e-02
  -2.7781238017702495e-04
   4.9042070520296567e-04
   9.9609018212820158e-02
   8.5552827733335224e-01
   1.1948394052202396e+00
  -5.9028520402938478e-01
  -4.1008564348305182e-01
   8.7559446265447838e-01
  -6.5471537933002066e-01
  -1.7421524943858308e-15
   6.5471537933002233e-01
  -8.7559446265447727e-01
   4.1008564348305182e-01
   5.9028520402938645e-01
  -1.1948394052202425e+00
  -8.5552827733335346e-01
  -9.9609018212817355e-02
  -4.9042070520292566e-04
  -8.2589061133256998e-04
  -1.5437529237460146e-01
  -1.0967890665883915e+00
  -8.4585085258177262e-01
   9.9690936663001506e-01
  -4.5163401046744578e-01
  -1.9837248731219081e-01
   6.7330750828794783e-01
  -8.4429168532262500e-01
   6.7330750828794750e-01
  -1.9837248731218951e-01
  -4.5163401046744578e-01
   9.9690936663001550e-01
  -8.4585085258177806e-01
  -1.0967890665883935e+00
  -1.5437529237459727e-01
  -8.2589061133250265e-04
   1.3363174339689260e-03
   2.2828136210652247e-01
   1.3047127031599490e+00
   2.9427329421021664e-01
  -8.7690999494606059e-01
   9.1811799691041707e-01
  -7.0636415781118056e-01
   3.7683722869977543e-01
   2.0154544012564713e-15
  -3.7683722869977704e-01
   7.0636415781118100e-01
  -9.1811799691041707e-01
   8.7690999494605804e-01
  -2.9427329421022624e-01
  -1.3047127031599504e+00
  -2.2828136210651662e-01
  -1.3363174339688195e-03
   1.6003360651599229e-07
   1.1072582053063565e-04
   3.3217776929738469e-03
   2.9655835039486902e-02
   1.3397576788726731e-01
   3.8148591776340163e-01
   7.6302096150060650e-01
   1.1350566099078441e+00
   1.2919888658545740e+00
   1.1350566099078452e+00
   7.6302096150060650e-01
   3.8148591776340163e-01
   1.3397576788726748e-01
   2.9655835039486687e-02
   3.3217776929738655e-03
   1.1072582053063154e-04
   1.6003360651597696e-07
  -6.9099604968812130e-07
  -4.5883656465178600e-04
  -1.2745240860342217e-02
  -1.0102380507907452e-01
  -3.8407129749469998e-01
  -8.5253185023219202e-01
  -1.1681727026243836e+00
  -8.8306781123022760e-01
  -9.0563821550400401e-16
   8.8306781123022771e-01
   1.1681727026243833e+00
   8.5253185023219202e-01
   3.8407129749470037e-01
   1.0102380507907384e-01
   1.2745240860342292e-02
   4.5883656465176914e-04
   6.9099604968805534e-07
   2.1565309816083984e-06
   1.3676287357794750e-03
   3.4812375974057182e-02
   2.4019253932289342e-01
   7.3859657403063339e-01
   1.1637630309264919e+00
   7.8318699190027141e-01
  -3.4219215496518351e-01
  -9.8677279580312116e-01
  -3.4219215496518485e-01
   7.8318699190027041e-01
   1.1637630309264919e+00
   7.3859657403063395e-01
   2.4019253932289197e-01
   3.4812375974057376e-02
   1.3676287357794255e-03
   2.1565309816081926e-06
  -5.6142166923173133e-06
  -3.3835471872631830e-03
  -7.8056954226958089e-02
  -4.5809399142911483e-01
  -1.0781843408909295e+00
  -9.9138669389260592e-01
   2.2068142874150939e-01
   9.4992754350299036e-01
   1.2537993353460166e-15
  -9.4992754350299113e-01
  -2.2068142874151003e-01
   9.9138669389260592e-01
   1.0781843408909297e+00
   4.5809399142911222e-01
   7.8056954226958464e-02
   3.3835471872630625e-03
   5.6142166923167805e-06
   1.2923455231229604e-05
   7.3641305565995243e-03
   1.5214322095611060e-01
   7.3858514520807306e-01
   1.2208010394626141e+00
   2.9085052535903611e-01
  -9.2910527577678093e-01
  -1.3939334962135871e-01
   9.0880343378486150e-01
  -1.3939334962135760e-01
  -9.2910527577678059e-01
   2.9085052535903611e-01
   1.2208010394626145e+00
   7.3858514520806995e-01
   1.5214322095611124e-01
   7.3641305565992667e-03
   1.2923455231228371e-05
  -2.7148579575276455e-05
  -1.4550587368472236e-02
  -2.6573431186428331e-01
  -1.0302718415603567e+00
  -1.0160126722453200e+00
   5.5950774732022934e-01
   6.1869522395422560e-01
  -8.3529627274441554e-01
  -1.5563083780469346e-15
   8.3529627274441698e-01
  -6.1869522395422449e-01
  -5.5950774732022934e-01
   1.0160126722453184e+00
   1.0302718415603547e+00
   2.6573431186428426e-01
   1.4550587368471733e-02
   2.7148579575273897e-05
   5.3083982133698051e-05
   2.6616557718227997e-02
   4.2354797851971837e-01
   1.2515469541850992e+00
   4.5474266374374728e-01
  -9.7803023182267956e-01
   3.6323201269894984e-01
   4.9700607152377252e-01
  -8.7298471114282983e-01
   4.9700607152377196e-01
   3.6323201269895061e-01
  -9.7803023182267956e-01
   4.5474266374374483e-01
   1.2515469541850970e+00
   4.2354797851971959e-01
   2.6616557718227105e-02
   5.3083982133693084e-05
  -9.7915910196886449e-05
  -4.5675744253738014e-02
  -6.2316603916188618e-01
  -1.3116740125366899e+00
   2.7905182482404911e-01
   6.4203125883864509e-01
  -9.0174479985305334e-01
   6.0080843325701294e-01
   1.8417072284019309e-15
  -6.0080843325701505e-01
   9.0174479985305267e-01
  -6.4203125883864509e-01
  -2.7905182482405122e-01
   1.3116740125366892e+00
   6.2316603916188829e-01
   4.5675744253736522e-02
   9.7915910196877260e-05
   1.7203238601926014e-04
   7.4231781409225470e-02
   8.5243334355488309e-01
   1.1436391659069121e+00
  -8.6783191397842341e-01
   1.9557321399808550e-01
   3.7626255192482749e-01
  -7.3301911483270332e-01
   8.5276021907312649e-01
  -7.3301911483270332e-01
   3.7626255192482555e-01
   1.9557321399808550e-01
  -8.6783191397842374e-01
   1.1436391659069165e+00
   8.5243334355488520e-01
   7.4231781409223097e-02
   1.7203238601924429e-04
  -2.2520124816119857e-08
  -3.5286876888673775e-05
  -1.6194781258359048e-03
  -1.9008906236056063e-02
  -1.0369020624474866e-01
  -3.3650887786898548e-01
  -7.3398423018709391e-01
  -1.1474345269867452e+00
  -1.3273923760589903e+00
  -1.1474345269867463e+00
  -7.3398423018709391e-01
  -3.3650887786898548e-01
  -1.0369020624474881e-01
  -1.9008906236055913e-02
  -1.6194781258359150e-03
  -3.5286876888672298e-05
  -2.2520124816117431e-08
   1.0222756401751941e-07
   1.5372878026385182e-04
   6.5325902171610275e-03
   6.8077490833465940e-02
   3.1250443337461004e-01
   7.9060849292622326e-01
   1.1813814863536256e+00
   9.3850651817696573e-01
   9.7820107354171094e-16
  -9.3850651817696584e-01
  -1.1813814863536252e+00
  -7.9060849292622326e-01
  -3.1250443337461048e-01
  -6.8077490833465440e-02
  -6.5325902171610682e-03
  -1.5372878026384545e-04
  -1.0222756401750844e-07
  -3.3480697266392739e-07
  -4.8108726261050089e-04
  -1.8753542647272269e-02
  -1.7046320433486659e-01
  -6.3555443193934136e-01
  -1.1533408453457186e+00
  -8.8530357744895505e-01
   2.8800810090397311e-01
   1.0065451053038954e+00
   2.8800810090397427e-01
  -8.8530357744895449e-01
  -1.1533408453457186e+00
  -6.3555443193934180e-01
  -1.7046320433486539e-01
  -1.8753542647272373e-02
  -4.8108726261048121e-04
  -3.3480697266389150e-07
   9.1307248908589098e-07
   1.2480673433345529e-03
   4.4191511342687097e-02
   3.4328109541206842e-01
   9.9108110428559981e-01
   1.0990356875616885e+00
  -8.7696066921918364e-02
  -9.7123719138538167e-01
  -1.3394569843864122e-15
   9.7123719138538234e-01
   8.7696066921918739e-02
  -1.0990356875616885e+00
  -9.9108110428560081e-01
  -3.4328109541206631e-01
  -4.4191511342687326e-02
  -1.2480673433345022e-03
  -9.1307248908579272e-07
  -2.1980434514747841e-06
  -2.8450681349046279e-03
  -9.0541179604835584e-02
  -5.8674365375634352e-01
  -1.2225742414328713e+00
  -5.0323440916715001e-01
   8.9690150684519210e-01
   2.1607530504117475e-01
  -9.2274169267849004e-01
   2.1607530504117362e-01
   8.9690150684519210e-01
  -5.0323440916715001e-01
  -1.2225742414328713e+00
  -5.8674365375634085e-01
  -9.0541179604836028e-02
  -2.8450681349045147e-03
  -2.1980434514745499e-06
   4.8211518052398341e-06
   5.8817281101305671e-03
   1.6632435033956944e-01
   8.7308889124196742e-01
   1.1643008171094398e+00
  -3.6223880920001594e-01
  -7.3937439599250565e-01
   8.1442181361854638e-01
   1.6491697109905227e-15
  -8.1442181361854804e-01
   7.3937439599250410e-01
   3.6223880920001594e-01
  -1.1643008171094387e+00
  -8.7308889124196376e-01
  -1.6632435033957008e-01
  -5.8817281101303364e-03
  -4.8211518052393225e-06
  -9.8278904687957554e-06
  -1.1246941583496569e-02
  -2.7911087610394542e-01
  -1.1430369574652475e+00
  -7.4256394111946122e-01
   9.4591086714255368e-01
  -2.0996962913644251e-01
  -5.7010695541502665e-01
   8.8358184324112699e-01
  -5.7010695541502632e-01
  -2.0996962913644340e-01
   9.4591086714255368e-01
  -7.4256394111945934e-01
  -1.1430369574652439e+00
  -2.7911087610394669e-01
  -1.1246941583496138e-02
  -9.8278904687947118e-06
   1.8872635673349684e-05
   2.0160008867376258e-02
   4.3306893148717540e-01
   1.3149632563692013e+00
   5.4118899577900344e-02
  -8.2200902291526035e-01
   8.9376602367208902e-01
  -5.4205617997115496e-01
  -1.9393719018413992e-15
   5.4205617997115663e-01
  -8.9376602367208857e-01
   8.2200902291526035e-01
  -5.4118899577897665e-02
  -1.3149632563692002e+00
  -4.3306893148717707e-01
  -2.0160008867375501e-02
  -1.8872635673347702e-05
   3.1607088718350907e-09
   1.1215835702864903e-05
   7.8746944245261074e-04
   1.2152292137563915e-02
   8.0039307660006290e-02
   2.9605243906193768e-01
   7.0419200638501500e-01
   1.1568909063409256e+00
   1.3601724324586602e+00
   1.1568909063409272e+00
   7.0419200638501500e-01
   2.9605243906193768e-01
   8.0039307660006415e-02
   1.2152292137563810e-02
   7.8746944245261638e-04
   1.1215835702864380e-05
   3.1607088718347123e-09
  -1.5015368156714294e-08
  -5.1136131317882315e-05
  -3.3242854636448063e-03
  -4.5546906327308449e-02
  -2.5245038569491496e-01
  -7.2792705806362190e-01
  -1.1861750725061702e+00
  -9.9027555208595708e-01
  -1.0490037851790048e-15
   9.9027555208595752e-01
   1.1861750725061697e+00
   7.2792705806362190e-01
   2.5245038569491524e-01
   4.5546906327308068e-02
   3.3242854636448284e-03
   5.1136131317879964e-05
   1.5015368156712501e-08
   5.1386424657709580e-08
   1.6728458937430990e-04
   9.9844959942832455e-03
   1.1951754818823483e-01
   5.3986316635898790e-01
   1.1259626000080603e+00
   9.7528265533883307e-01
  -2.3309448264831914e-01
  -1.0252685474205443e+00
  -2.3309448264832039e-01
   9.7528265533883263e-01
   1.1259626000080603e+00
   5.3986316635898846e-01
   1.1951754818823393e-01
   9.9844959942833079e-03
   1.6728458937430226e-04
   5.1386424657703432e-08
  -1.4621602988311519e-07
  -4.5316792003225240e-04
  -2.4612504752472935e-02
  -2.5273572134635730e-01
  -8.9208154858243849e-01
  -1.1757306965489489e+00
  -4.5113616478958105e-02
   9.8691730977059999e-01
   1.4232894378141828e-15
  -9.8691730977060121e-01
   4.5113616478956946e-02
   1.1757306965489489e+00
   8.9208154858243904e-01
   2.5273572134635569e-01
   2.4612504752473084e-02
   4.5316792003223197e-04
   1.4621602988309780e-07
   3.6672414334695146e-07
   1.0776254258890443e-03
   5.2756248998577331e-02
   4.5495896612310410e-01
   1.1826061499432334e+00
   6.9339007688639920e-01
  -8.4527680400886163e-01
  -2.9022855594035607e-01
   9.3617180676011535e-01
  -2.9022855594035529e-01
  -8.4527680400886118e-01
   6.9339007688639920e-01
   1.1826061499432337e+00
   4.5495896612310127e-01
   5.2756248998577601e-02
   1.0776254258889964e-03
   3.6672414334690799e-07
  -8.3690722551598212e-07
  -2.3218811509449979e-03
  -1.0142540971409002e-01
  -7.1620235493581941e-01
  -1.2481137705876628e+00
   1.5068483258136825e-01
   8.3855461947063814e-01
  -7.8782521091368485e-01
  -1.7402497550505507e-15
   7.8782521091368662e-01
  -8.3855461947063681e-01
  -1.5068483258136825e-01
   1.2481137705876624e+00
   7.1620235493581563e-01
   1.0142540971409057e-01
   2.3218811509448964e-03
   8.3690722551588260e-07
   1.7727740658592771e-06
   4.6235868644838871e-03
   1.7824850116214705e-01
   9.9890296012499791e-01
   9.7277611412957488e-01
  -8.5994092363670949e-01
   5.2916872914372193e-02
   6.3721972156516182e-01
  -8.9393560701401986e-01
   6.3721972156516160e-01
   5.2916872914373747e-02
  -8.5994092363670949e-01
   9.7277611412957232e-01
   9.9890296012499402e-01
   1.7824850116214797e-01
   4.6235868644836867e-03
   1.7727740658590689e-06
  -4.4264557367977187e-10
  -3.5571975413139056e-06
  -3.8207644288225335e-04
  -7.7520613696541070e-03
  -6.1649113570428488e-02
  -2.5989545727367630e-01
  -6.7414509768317621e-01
  -1.1638977505455617e+00
  -1.3907419219851309e+00
  -1.1638977505455632e+00
  -6.7414509768317621e-01
  -2.5989545727367630e-01
  -6.1649113570428578e-02
  -7.7520613696540324e-03
  -3.8207644288225628e-04
  -3.5571975413137231e-06
  -4.4264557367971366e-10
   2.1923692477183138e-09
   1.6908703143115867e-05
   1.6815932237084590e-03
   3.0291722597260512e-02
   2.0272421993272566e-01
   6.6622970787988356e-01
   1.1839058574152386e+00
   1.0386866867549147e+00
   1.1182417922995535e-15
  -1.0386866867549154e+00
  -1.1839058574152383e+00
  -6.6622970787988356e-01
  -2.0272421993272594e-01
  -3.0291722597260234e-02
  -1.6815932237084716e-03
  -1.6908703143115006e-05
  -2.1923692477180255e-09
  -7.8119178558274678e-09
  -5.7612190030320306e-05
  -5.2642084034014392e-03
  -8.2961224267445385e-02
  -4.5373518753888509e-01
  -1.0859646573793835e+00
  -1.0537362094750966e+00
   1.7771402622385213e-01
   1.0430564414888472e+00
   1.7771402622385352e-01
  -1.0537362094750953e+00
  -1.0859646573793835e+00
  -4.5373518753888559e-01
  -8.2961224267444678e-02
  -5.2642084034014757e-03
  -5.7612190030317413e-05
  -7.8119178558264420e-09
   2.3114190740559932e-08
   1.6239991312403304e-04
   1.3523239295559897e-02
   1.8338930770156409e-01
   7.8951498895809447e-01
   1.2249178199164363e+00
   1.7576337335904293e-01
  -9.9744752456156915e-01
  -1.5054790864396411e-15
   9.9744752456157071e-01
  -1.7576337335904163e-01
  -1.2249178199164363e+00
  -7.8951498895809513e-01
  -1.8338930770156261e-01
  -1.3523239295559982e-02
  -1.6239991312402496e-04
  -2.3114190740556908e-08
  -6.0209347218917328e-08
  -4.0149839399103329e-04
  -3.0207994312448038e-02
  -3.4589026598388584e-01
  -1.1137529811858777e+00
  -8.5823539764396894e-01
   7.7733346222645350e-01
   3.6171403171770283e-01
  -9.4911915056422369e-01
   3.6171403171770194e-01
   7.7733346222645350e-01
  -8.5823539764396894e-01
  -1.1137529811858780e+00
  -3.4589026598388345e-01
  -3.0207994312448232e-02
  -4.0149839399101356e-04
  -6.0209347218909453e-08
   1.4253936623439271e-07
   8.9866764552516123e-04
   6.0535440690209351e-02
   5.7242070741999729e-01
   1.2771519731724748e+00
   6.4375475988562234e-02
  -9.1613906824166547e-01
   7.5617460644269130e-01
   1.8297127417183988e-15
  -7.5617460644269308e-01
   9.1613906824166402e-01
  -6.4375475988562234e-02
  -1.2771519731724734e+00
  -5.7242070741999374e-01
  -6.0535440690209746e-02
  -8.9866764552511743e-04
  -1.4253936623437418e-07
   6.1878469302196839e-11
   1.1261497220660367e-06
   1.8504553889028293e-04
   4.9361461395451018e-03
   4.7398233420472169e-02
   2.2774064142184647e-01
   6.4421002136448624e-01
   1.1688238267214670e+00
   1.4194200303171416e+00
   1.1688238267214686e+00
   6.4421002136448624e-01
   2.2774064142184647e-01
   4.7398233420472245e-02
   4.9361461395450489e-03
   1.8504553889028445e-04
   1.1261497220659735e-06
   6.1878469302187947e-11
  -3.1849969114998521e-10
  -5.5630162403020456e-06
  -8.4637179843544217e-04
  -2.0045027460108167e-02
  -1.6197680740091719e-01
  -6.0670520824838992e-01
  -1.1757179337047774e+00
  -1.0840034645764094e+00
  -1.1860745315118191e-15
   1.0840034645764101e+00
   1.1757179337047767e+00
   6.0670520824838992e-01
   1.6197680740091747e-01
   2.0045027460107973e-02
   8.4637179843544911e-04
   5.5630162403017372e-06
   3.1849969114993951e-10
   1.1780559237831173e-09
   1.9681107234566184e-05
   2.7527635094518072e-03
   5.7102413611317439e-02
   3.7797536371287382e-01
   1.0369398189993728e+00
   1.1213308763276897e+00
  -1.2208893123550366e-01
  -1.0600058368081309e+00
  -1.2208893123550503e-01
   1.1213308763276884e+00
   1.0369398189993728e+00
   3.7797536371287438e-01
   5.7102413611316877e-02
   2.7527635094518276e-03
   1.9681107234565103e-05
   1.1780559237829486e-09
  -3.6142395208127302e-09
  -5.7557119049300885e-05
  -7.3458389385139804e-03
  -1.3146242614547207e-01
  -6.8908838673600403e-01
  -1.2502348674348922e+00
  -3.0269857389925070e-01
   1.0032512885243174e+00
   1.5861774919476602e-15
  -1.0032512885243190e+00
   3.0269857389924942e-01
   1.2502348674348922e+00
   6.8908838673600459e-01
   1.3146242614547096e-01
   7.3458389385140368e-03
   5.7557119049297741e-05
   3.6142395208122128e-09
   9.7514467932903982e-09
   1.4751708462114240e-04
   1.7044844125965564e-02
   2.5870208055077232e-01
   1.0267691327384425e+00
   9.9651885339637780e-01
  -6.9592781125972225e-01
  -4.3041954312657260e-01
   9.6161167116527746e-01
  -4.3041954312657188e-01
  -6.9592781125972270e-01
   9.9651885339637780e-01
   1.0267691327384425e+00
   2.5870208055077021e-01
   1.7044844125965696e-02
   1.4751708462113440e-04
   9.7514467932890102e-09
  -8.6368190888303147e-12
  -3.5597140204331725e-07
  -8.9482436677954032e-05
  -3.1382651951911470e-03
  -3.6385495954119489e-02
  -1.9925682921175608e-01
  -6.1465638412789436e-01
  -1.1719635596265403e+00
  -1.4464590319196322e+00
  -1.1719635596265421e+00
  -6.1465638412789436e-01
  -1.9925682921175608e-01
  -3.6385495954119558e-02
  -3.1382651951911114e-03
  -8.9482436677954858e-05
  -3.5597140204329581e-07
  -8.6368190888289737e-12
   4.6072353017099048e-11
   1.8224113846607667e-06
   4.2416759143264687e-04
   1.3207645501823923e-02
   1.2886533144953888e-01
   5.5013277010390915e-01
   1.1625862438699763e+00
   1.1264523855922695e+00
   1.2526343169915715e-15
  -1.1264523855922703e+00
  -1.1625862438699759e+00
  -5.5013277010390915e-01
  -1.2886533144953910e-01
  -1.3207645501823776e-02
  -4.2416759143265055e-04
  -1.8224113846606577e-06
  -4.6072353017091901e-11
  -1.7643193009565113e-10
  -6.6768283915479053e-06
  -1.4293967724738311e-03
  -3.9021958154693268e-02
  -3.1249942721073987e-01
  -9.8182677149699715e-01
  -1.1787619981615434e+00
   6.6407845447881947e-02
   1.0761999586979167e+00
   6.6407845447883210e-02
  -1.1787619981615420e+00
  -9.8182677149699715e-01
  -3.1249942721074025e-01
  -3.9021958154692865e-02
  -1.4293967724738441e-03
  -6.6768283915475047e-06
  -1.7643193009562378e-10
   5.5986762160020550e-10
   2.0206413063444481e-05
   3.9514924838719573e-03
   9.3270445169035807e-02
   5.9446378305865377e-01
   1.2552841873580056e+00
   4.2471766308120745e-01
  -1.0047065974795710e+00
  -1.6655124719607916e-15
   1.0047065974795726e+00
  -4.2471766308120590e-01
  -1.2552841873580056e+00
  -5.9446378305865422e-01
  -9.3270445169034905e-02
  -3.9514924838719911e-03
  -2.0206413063443285e-05
  -5.5986762160011885e-10
   1.2039067757295860e-12
   1.1237219377819770e-07
   4.3213730506107192e-05
   1.9925812846230957e-03
   2.7894540882575328e-02
   1.7410476842735129e-01
   5.8568229050430898e-01
   1.1735563166028464e+00
   1.4720620643897868e+00
   1.1735563166028484e+00
   5.8568229050430898e-01
   1.7410476842735129e-01
   2.7894540882575383e-02
   1.9925812846230710e-03
   4.3213730506107619e-05
   1.1237219377819038e-07
   1.2039067757293845e-12
  -6.6398960005356606e-12
  -5.9480144932727751e-07
  -2.1178894576514900e-04
  -8.6702906888766612e-03
  -1.0214305942552754e-01
  -4.9698904334699778e-01
  -1.1453460526842767e+00
  -1.1662308197166438e+00
  -1.3180325529154266e-15
   1.1662308197166449e+00
   1.1453460526842763e+00
   4.9698904334699778e-01
   1.0214305942552773e-01
   8.6702906888765589e-03
   2.1178894576515109e-04
   5.9480144932723897e-07
   6.6398960005345507e-12
   2.6265987818336934e-11
   2.2515530685051389e-06
   7.3773102317208419e-04
   2.6501289628097391e-02
   2.5669586108717718e-01
   9.2299810125340664e-01
   1.2267346118946314e+00
  -1.0831555926894504e-02
  -1.0917104454838451e+00
  -1.0831555926895761e-02
   1.2267346118946305e+00
   9.2299810125340664e-01
   2.5669586108717762e-01
   2.6501289628097092e-02
   7.3773102317209113e-04
   2.2515530685049940e-06
   2.6265987818332553e-11
  -1.6762242950018826e-13
  -3.5432585684385337e-08
  -2.0845194556999608e-05
  -1.2636962295994457e-03
  -2.1360448773167031e-02
  -1.5195267606028154e-01
  -5.5743216410376273e-01
  -1.1737997124798694e+00
  -1.4963953172416387e+00
  -1.1737997124798711e+00
  -5.5743216410376273e-01
  -1.5195267606028154e-01
  -2.1360448773167080e-02
  -1.2636962295994286e-03
  -2.0845194556999828e-05
  -3.5432585684382856e-08
  -1.6762242950015819e-13
   9.5384250703469727e-13
   1.9350497166444071e-07
   1.0540558071851224e-04
   5.6733088154340373e-03
   8.0700484096664943e-02
   4.4752842444581009e-01
   1.1247157536054058e+00
   1.2035127642995669e+00
   1.3823642036739923e-15
  -1.2035127642995680e+00
  -1.1247157536054053e+00
  -4.4752842444581009e-01
  -8.0700484096665109e-02
  -5.6733088154339653e-03
  -1.0540558071851335e-04
  -1.9350497166442732e-07
  -9.5384250703452642e-13
   2.3314878923371512e-14
   1.1161140978898528e-08
   1.0045045491008356e-05
   8.0062858874967776e-04
   1.6340422783382543e-02
   1.3248533285036679e-01
   5.3000957696672113e-01
   1.1728590504584855e+00
   1.5195966282235602e+00
   1.1728590504584877e+00
   5.3000957696672113e-01
   1.3248533285036679e-01
   1.6340422783382581e-02
   8.0062858874966648e-04
   1.0045045491008472e-05
   1.1161140978897696e-08
   2.3314878923367056e-14
