   5.7469671147258296e-02
  -9.6371048134178086e-02
   1.1642669531800137e-01
  -1.2414676888451544e-01
   1.2135040404044198e-01
  -1.0929448551412094e-01
   8.9355518013698149e-02
  -6.3183150238375910e-02
   3.2694441975163128e-02
   1.2773753943621097e-01
  -1.8497013380097715e-01
   1.5664568326394102e-01
  -6.9893547975023618e-02
  -4.1671930713775389e-02
   1.3942175445509281e-01
  -1.9057479676367789e-01
   1.7828795889011803e-01
  -1.0683645590365455e-01
   1.8427959067626418e-01
  -1.9577688377842289e-01
   2.6510718971601590e-02
   1.6730245772158572e-01
  -2.3030326519281524e-01
   1.1332693989111844e-01
   9.2118942464283371e-02
  -2.2614962373329126e-01
   1.8471077099631925e-01
   2.2086273625878319e-01
  -1.2404168172427316e-01
  -1.6904453069993175e-01
   2.3441108754062601e-01
   1.9272892739613242e-02
  -2.4751583231532659e-01
   1.4065478279411076e-01
   1.5676273315519840e-01
  -2.4220223899731724e-01
   2.3351448733606228e-01
   2.4765968315216848e-17
  -2.6107713370722452e-01
  -5.6745962231679610e-17
   2.6270379825307000e-01
   8.8918535305586944e-17
  -2.6310889301683094e-01
  -1.2114022524062988e-16
   2.6326696385897647e-01
   2.2086273625878264e-01
   1.2404168172427281e-01
  -1.6904453069993131e-01
  -2.3441108754062540e-01
   1.9272892739613291e-02
   2.4751583231532601e-01
   1.4065478279411026e-01
  -1.5676273315519809e-01
  -2.4220223899731658e-01
   1.8427959067626409e-01
   1.9577688377842289e-01
   2.6510718971601656e-02
  -1.6730245772158575e-01
  -2.3030326519281524e-01
  -1.1332693989111872e-01
   9.2118942464283163e-02
   2.2614962373329117e-01
   1.8471077099631947e-01
   1.2773753943621061e-01
   1.8497013380097654e-01
   1.5664568326394035e-01
   6.9893547975023146e-02
  -4.1671930713775507e-02
  -1.3942175445509258e-01
  -1.9057479676367739e-01
  -1.7828795889011703e-01
  -1.0683645590365380e-01
   5.7469671147258171e-02
   9.6371048134177850e-02
   1.1642669531800118e-01
   1.2414676888451527e-01
   1.2135040404044185e-01
   1.0929448551412085e-01
   8.9355518013698343e-02
   6.3183150238376146e-02
   3.2694441975163573e-02
  -1.7619738744402164e-02
   3.8144480969482940e-02
  -6.0762817440908487e-02
   8.3188012860644339e-02
  -1.0335829687305301e-01
   1.1947679055281753e-01
  -1.3008148936639866e-01
   1.3411653062859716e-01
  -8.5839054472021281e-02
   1.6046945013352598e-01
  -2.0031536049787829e-01
   1.8598379911559176e-01
  -1.1727933750478051e-01
   1.3092222682676942e-02
   9.4884311468435123e-02
  -1.7266226018742833e-01
  -1.7825307065720400e-01
   2.4448125556214018e-01
  -1.4691880031676305e-01
  -5.4859308116912336e-02
   2.1394282730647896e-01
  -2.1065247835080150e-01
   4.7093308607147742e-02
   1.5215207378746390e-01
  -2.5588542943880632e-01
   1.8553042065263978e-01
   1.1352758892593359e-01
  -2.5722349962973201e-01
   5.6888191366345084e-02
   2.1871013352310470e-01
  -1.9966515713671010e-01
  -8.8056517447576019e-02
  -2.8599567076047849e-01
  -3.9158434167824089e-17
   2.6752445352157805e-01
   7.1938637128151581e-17
  -2.6512508260122120e-01
  -1.0440974344997204e-16
   2.6437081341251267e-01
   1.3678657305624685e-16
  -2.5588542943880571e-01
  -1.8553042065263931e-01
   1.1352758892593331e-01
   2.5722349962973140e-01
   5.6888191366344897e-02
  -2.1871013352310412e-01
  -1.9966515713670957e-01
   8.8056517447575824e-02
  -1.7825307065720392e-01
  -2.4448125556214009e-01
  -1.4691880031676316e-01
   5.4859308116912156e-02
   2.1394282730647896e-01
   2.1065247835080159e-01
   4.7093308607147964e-02
  -1.5215207378746376e-01
  -8.5839054472021087e-02
  -1.6046945013352551e-01
  -2.0031536049787749e-01
  -1.8598379911559107e-01
  -1.1727933750477978e-01
  -1.3092222682676546e-02
   9.4884311468435067e-02
   1.7266226018742795e-01
  -1.7619738744402088e-02
  -3.8144480969482787e-02
  -6.0762817440908272e-02
  -8.3188012860644076e-02
  -1.0335829687305262e-01
  -1.1947679055281724e-01
  -1.3008148936639827e-01
  -1.3411653062859694e-01
   4.9313927716641654e-03
  -1.2631817929628530e-02
   2.3750877141219408e-02
  -3.7956928011975706e-02
   5.4559860785567016e-02
  -7.2581794476070036e-02
   9.0834280899720232e-02
   5.2657553914649838e-02
  -1.1647484420394719e-01
   1.7751502472238476e-01
  -2.1185726615697659e-01
   2.0158939565916170e-01
  -1.4221097691167550e-01
   4.5462160945247895e-02
   1.5740052546955668e-01
  -2.5543402279698080e-01
   2.2267680655761740e-01
  -5.4504749819435344e-02
  -1.4612781584472101e-01
   2.4025359768897511e-01
  -1.5908417846253137e-01
   2.7063131193926265e-01
  -2.3217295709808086e-01
  -6.1878851928398239e-02
   2.6357344259160603e-01
  -1.2042129635945722e-01
  -1.7826633534060354e-01
   2.3842268344925069e-01
   3.1975288054553946e-01
   5.1801739269378526e-17
  -2.7691411748568812e-01
  -8.5903466322173801e-17
   2.6960638728295977e-01
   1.1895733968625429e-16
  -2.6700143356184713e-01
   2.7063131193926199e-01
   2.3217295709808028e-01
  -6.1878851928398183e-02
  -2.6357344259160537e-01
  -1.2042129635945679e-01
   1.7826633534060313e-01
   2.3842268344925002e-01
   1.5740052546955663e-01
   2.5543402279698085e-01
   2.2267680655761740e-01
   5.4504749819435601e-02
  -1.4612781584472084e-01
  -2.4025359768897514e-01
  -1.5908417846253162e-01
   5.2657553914649720e-02
   1.1647484420394684e-01
   1.7751502472238426e-01
   2.1185726615697589e-01
   2.0158939565916095e-01
   1.4221097691167459e-01
   4.5462160945247340e-02
   4.9313927716641377e-03
   1.2631817929628461e-02
   2.3750877141219279e-02
   3.7956928011975491e-02
   5.4559860785566745e-02
   7.2581794476069647e-02
   9.0834280899719830e-02
  -1.3333928198188249e-03
   3.8728137353806259e-03
  -8.2211831986868465e-03
   1.4734494753326371e-02
  -2.3609614654316137e-02
   3.4848769401490669e-02
  -3.1207201512861379e-02
   7.8270573712088856e-02
  -1.3689592837143033e-01
   1.9097514050419867e-01
  -2.2118389721112480e-01
   2.1192419596687395e-01
  -1.3427455574580482e-01
   2.4708052989911877e-01
  -2.6564660490037978e-01
   1.4638987582328572e-01
   5.6608236865335712e-02
  -2.1752584715761944e-01
  -2.7652150820689592e-01
   2.6898913704261129e-01
   1.2320898401183077e-02
  -2.5805886651929788e-01
   1.7293193565697784e-01
   1.3092423107564999e-01
  -3.4537258439743740e-01
  -6.3443914499335608e-17
   2.8636781883041340e-01
   9.9051779764727537e-17
  -2.7474220852127007e-01
  -1.3282089946987955e-16
  -2.7652150820689519e-01
  -2.6898913704261046e-01
   1.2320898401183085e-02
   2.5805886651929721e-01
   1.7293193565697734e-01
  -1.3092423107564968e-01
  -1.3427455574580477e-01
  -2.4708052989911872e-01
  -2.6564660490037995e-01
  -1.4638987582328589e-01
   5.6608236865335552e-02
   2.1752584715761941e-01
  -3.1207201512861323e-02
  -7.8270573712088704e-02
  -1.3689592837143005e-01
  -1.9097514050419823e-01
  -2.2118389721112386e-01
  -2.1192419596687315e-01
  -1.3333928198188147e-03
  -3.8728137353805968e-03
  -8.2211831986867875e-03
  -1.4734494753326267e-02
  -2.3609614654315964e-02
  -3.4848769401490426e-02
   3.5403768841514875e-04
  -1.1368236034061830e-03
   2.6575865886188030e-03
  -5.2210586381138419e-03
   9.1309267620600584e-03
   1.8161505055885027e-02
  -5.0358248389800846e-02
   9.7933793965869417e-02
  -1.5324831195110464e-01
   2.0244431839742980e-01
   1.1248228673405085e-01
  -2.2882529167889765e-01
   2.8461563227207126e-01
  -2.1634501014889967e-01
   3.5992216954551584e-02
   2.7744867648409743e-01
  -2.9837578182940189e-01
   3.5016544683490441e-02
   2.4365013161875751e-01
  -2.1529798068116396e-01
   3.6632294469502680e-01
   7.4394584108143492e-17
  -2.9533899992470203e-01
  -1.1159187616221527e-16
   2.8003346599377998e-01
   2.7744867648409671e-01
   2.9837578182940111e-01
   3.5016544683490233e-02
  -2.4365013161875690e-01
  -2.1529798068116335e-01
   1.1248228673405079e-01
   2.2882529167889765e-01
   2.8461563227207121e-01
   2.1634501014889984e-01
   3.5992216954551799e-02
   1.8161505055885003e-02
   5.0358248389800755e-02
   9.7933793965869237e-02
   1.5324831195110419e-01
   2.0244431839742924e-01
   3.5403768841514539e-04
   1.1368236034061724e-03
   2.6575865886187783e-03
   5.2210586381137925e-03
   9.1309267620599786e-03
  -9.2952475889748276e-05
   3.2447398408240338e-04
  -8.2195939575131695e-04
   1.7437883036510689e-03
  -1.0451266640725576e-02
   3.1503807217201495e-02
  -6.6812863255942975e-02
   1.1456918129641233e-01
  -9.3173976520378787e-02
   2.0605817649832148e-01
  -2.8660700089265800e-01
   2.6467056617660267e-01
  -2.7526847653304659e-01
   3.2181977391891808e-01
  -7.9827741785617301e-02
  -2.2250717685093591e-01
  -3.8420274568388924e-01
  -8.4822876560576094e-17
   3.0373893991287887e-01
   1.2364952820178004e-16
  -2.7526847653304587e-01
  -3.2181977391891725e-01
  -7.9827741785617065e-02
   2.2250717685093535e-01
  -9.3173976520378746e-02
  -2.0605817649832137e-01
  -2.8660700089265795e-01
  -2.6467056617660284e-01
  -1.0451266640725571e-02
  -3.1503807217201467e-02
  -6.6812863255942850e-02
  -1.1456918129641219e-01
  -9.2952475889747260e-05
  -3.2447398408239975e-04
  -8.2195939575130763e-04
  -1.7437883036510509e-03
   2.4219051929106861e-05
  -9.0813415732704704e-05
   2.4645987125090126e-04
   5.9685760303684453e-03
  -1.9325858576380698e-02
   4.4108044445834320e-02
   7.6593133181249662e-02
  -1.8195291188283191e-01
   2.7712031124671510e-01
   2.7102853130274762e-01
  -3.4036524789506212e-01
   1.2187502587310135e-01
   3.9989089629584273e-01
   9.4834859018260833e-17
  -3.1159247606821378e-01
   2.7102853130274696e-01
   3.4036524789506123e-01
   1.2187502587310098e-01
   7.6593133181249634e-02
   1.8195291188283191e-01
   2.7712031124671516e-01
   5.9685760303684445e-03
   1.9325858576380681e-02
   4.4108044445834285e-02
   2.4219051929106549e-05
   9.0813415732703525e-05
   2.4645987125089823e-04
  -6.2755800422326689e-06
   2.5051029414037955e-05
  -3.3897923212835848e-03
   1.1684765186745246e-02
  -6.2616040057736078e-02
   1.5835566504713527e-01
  -2.6538361314024539e-01
   3.5479960959593337e-01
  -4.1392640254245922e-01
  -1.0450292485490811e-16
  -2.6538361314024472e-01
  -3.5479960959593243e-01
  -6.2616040057736050e-02
  -1.5835566504713527e-01
  -3.3897923212835844e-03
  -1.1684765186745246e-02
  -6.2755800422325774e-06
  -2.5051029414037593e-05
   1.6193229300192485e-06
   1.9171597842738289e-03
   5.0975819868458012e-02
   2.5877126641204390e-01
   4.2666556972862352e-01
   2.5877126641204323e-01
   5.0975819868457992e-02
   1.9171597842738296e-03
   1.6193229300192224e-06
