   1.7075428712496850e-02
  -2.9296774966123020e-02
   3.7107369908373503e-02
  -4.2652689188184378e-02
   4.6500078585845692e-02
  -4.8887518762819437e-02
   4.9944888640470399e-02
  -4.9762773576021643e-02
   4.8419929342764498e-02
  -4.5995790987760979e-02
   4.2576459599019928e-02
  -3.8257416182043591e-02
   3.3144395924498887e-02
  -2.7353128367030206e-02
   2.1008327026000608e-02
  -1.4242158478681244e-02
   7.1923432945095803e-03
   3.9215809301760864e-02
  -6.4573469450121976e-02
   7.5033550188764175e-02
  -7.4911301743729730e-02
   6.5814491955841034e-02
  -4.9384169474909465e-02
   2.7654064877527567e-02
  -3.0158215526947807e-03
  -2.1947753901584162e-02
   4.4682998651175088e-02
  -6.2897593900268181e-02
   7.4774082595481711e-02
  -7.9140320582728338e-02
   7.5578492485402618e-02
  -6.4461174397352231e-02
   4.6910498867953940e-02
  -2.4684248253190870e-02
   6.0129637121062333e-02
  -9.1674783433712714e-02
   8.9039638502515547e-02
  -6.1202873655271932e-02
   1.7306841137611252e-02
   3.1061895881007776e-02
  -7.1827117459573653e-02
   9.5036396028075815e-02
  -9.5112147657835891e-02
   7.2108775929288035e-02
  -3.1647036373868946e-02
  -1.6468121295754794e-02
   6.0618861492230565e-02
  -9.0168988375295550e-02
   9.8014231367580931e-02
  -8.2279629933078233e-02
   4.6759925773888503e-02
   7.9113827055695418e-02
  -1.0709021376690231e-01
   7.3617885090706325e-02
  -4.4020751800883618e-03
  -6.7249967204276700e-02
   1.0900132844268706e-01
  -1.0242586067331340e-01
   5.0583166397261986e-02
   2.3579061223302791e-02
  -8.7401792782564783e-02
   1.1285458365489059e-01
  -8.8791755357135932e-02
   2.5790233996761079e-02
   4.8522144946727123e-02
  -1.0158595335016017e-01
   1.1016731534301495e-01
  -7.0517704646919172e-02
   9.5555842529018220e-02
  -1.0884955819661411e-01
   3.1793366208311219e-02
   6.9612716543656195e-02
  -1.2283784516799476e-01
   9.0952590444853182e-02
   3.8095913122718709e-03
  -9.6035040324722043e-02
   1.2226011443865971e-01
  -6.4490988201289220e-02
  -3.7574443082644932e-02
   1.1387718415139540e-01
  -1.1207674380704506e-01
   3.3418374078517304e-02
   6.8159620479270794e-02
  -1.2302453647868614e-01
   9.3576135551219769e-02
   1.0892680227045544e-01
  -9.6727660381171948e-02
  -2.5750618978053485e-02
   1.2453751757417651e-01
  -1.0078578137269326e-01
  -2.2067016879814109e-02
   1.2348959343217919e-01
  -1.0421298103513164e-01
  -1.6914676487432286e-02
   1.2157306126127067e-01
  -1.0758314457895028e-01
  -1.1399797837283336e-02
   1.1927991705060491e-01
  -1.1081560781800832e-01
  -5.7363509745611690e-03
   1.1670340513715441e-01
  -1.1387028094531110e-01
   1.1879683990198336e-01
  -7.2270207183045693e-02
  -8.3663789616825510e-02
   1.3154512820995534e-01
  -7.4958289096268421e-03
  -1.2668128351272806e-01
   9.6186841015499111e-02
   5.9403583701743957e-02
  -1.3789189775755586e-01
   3.7286407192772764e-02
   1.1177286804805306e-01
  -1.1572972479387479e-01
  -3.0566036859874499e-02
   1.3720024947559958e-01
  -6.5747530172239443e-02
  -9.1051964881329508e-02
   1.2968140401368083e-01
   1.2484868626964274e-01
  -3.8596181155239467e-02
  -1.2624495575335404e-01
   8.3739565102198474e-02
   9.7373614447807094e-02
  -1.1856354675332954e-01
  -5.5347543801963675e-02
   1.3838033684727299e-01
   6.0799669478472399e-03
  -1.4060427572084683e-01
   4.4046744864485760e-02
   1.2492780890062125e-01
  -8.8610574566225231e-02
  -9.3336110568591674e-02
   1.2191639906881768e-01
   4.9847679502285150e-02
  -1.3970996368701022e-01
   1.2688781604886387e-01
  -3.5342699544002762e-17
  -1.4186489110087416e-01
   8.0980297962236986e-17
   1.4274879305497179e-01
  -1.2689271976768431e-16
  -1.4296891468619413e-01
   1.7287523463162090e-16
   1.4305480770366666e-01
  -2.1888523949638820e-16
  -1.4309687646143632e-01
   2.6490873490706374e-16
   1.4312053470355246e-01
  -3.1093982440617269e-16
  -1.4313513809471376e-01
   3.5697560407828638e-16
   1.4314477779827015e-01
   1.2484868626964284e-01
   3.8596181155239481e-02
  -1.2624495575335418e-01
  -8.3739565102198543e-02
   9.7373614447807316e-02
   1.1856354675332957e-01
  -5.5347543801963869e-02
  -1.3838033684727308e-01
   6.0799669478474100e-03
   1.4060427572084705e-01
   4.4046744864485655e-02
  -1.2492780890062158e-01
  -8.8610574566225148e-02
   9.3336110568592132e-02
   1.2191639906881772e-01
  -4.9847679502285587e-02
  -1.3970996368701041e-01
   1.1879683990198336e-01
   7.2270207183045665e-02
  -8.3663789616825537e-02
  -1.3154512820995529e-01
  -7.4958289096268022e-03
   1.2668128351272809e-01
   9.6186841015499000e-02
  -5.9403583701744027e-02
  -1.3789189775755578e-01
  -3.7286407192772590e-02
   1.1177286804805310e-01
   1.1572972479387471e-01
  -3.0566036859874621e-02
  -1.3720024947559956e-01
  -6.5747530172239194e-02
   9.1051964881329606e-02
   1.2968140401368067e-01
   1.0892680227045555e-01
   9.6727660381172045e-02
  -2.5750618978053513e-02
  -1.2453751757417665e-01
  -1.0078578137269337e-01
   2.2067016879814133e-02
   1.2348959343217931e-01
   1.0421298103513175e-01
  -1.6914676487432303e-02
  -1.2157306126127081e-01
  -1.0758314457895039e-01
   1.1399797837283348e-02
   1.1927991705060503e-01
   1.1081560781800844e-01
  -5.7363509745611760e-03
  -1.1670340513715453e-01
  -1.1387028094531122e-01
   9.5555842529018262e-02
   1.0884955819661414e-01
   3.1793366208311170e-02
  -6.9612716543656278e-02
  -1.2283784516799481e-01
  -9.0952590444853126e-02
   3.8095913122720309e-03
   9.6035040324722112e-02
   1.2226011443865965e-01
   6.4490988201289096e-02
  -3.7574443082645147e-02
  -1.1387718415139550e-01
  -1.1207674380704502e-01
  -3.3418374078516985e-02
   6.8159620479271127e-02
   1.2302453647868619e-01
   9.3576135551219464e-02
   7.9113827055695335e-02
   1.0709021376690225e-01
   7.3617885090706436e-02
   4.4020751800886377e-03
  -6.7249967204276381e-02
  -1.0900132844268691e-01
  -1.0242586067331357e-01
  -5.0583166397262472e-02
   2.3579061223302108e-02
   8.7401792782564214e-02
   1.1285458365489047e-01
   8.8791755357136376e-02
   2.5790233996761985e-02
  -4.8522144946726208e-02
  -1.0158595335015956e-01
  -1.1016731534301498e-01
  -7.0517704646920157e-02
   6.0129637121062736e-02
   9.1674783433713325e-02
   8.9039638502516061e-02
   6.1202873655272209e-02
   1.7306841137611162e-02
  -3.1061895881008189e-02
  -7.1827117459574291e-02
  -9.5036396028076425e-02
  -9.5112147657836404e-02
  -7.2108775929288244e-02
  -3.1647036373868738e-02
   1.6468121295755356e-02
   6.0618861492231266e-02
   9.0168988375296286e-02
   9.8014231367581361e-02
   8.2279629933078399e-02
   4.6759925773888239e-02
   3.9215809301761391e-02
   6.4573469450122864e-02
   7.5033550188765272e-02
   7.4911301743730965e-02
   6.5814491955842311e-02
   4.9384169474910748e-02
   2.7654064877528726e-02
   3.0158215526957044e-03
  -2.1947753901583510e-02
  -4.4682998651174824e-02
  -6.2897593900268361e-02
  -7.4774082595482405e-02
  -7.9140320582729434e-02
  -7.5578492485404117e-02
  -6.4461174397354160e-02
  -4.6910498867956126e-02
  -2.4684248253193125e-02
   1.7075428712497044e-02
   2.9296774966123363e-02
   3.7107369908373947e-02
   4.2652689188184927e-02
   4.6500078585846330e-02
   4.8887518762820194e-02
   4.9944888640471211e-02
   4.9762773576022545e-02
   4.8419929342765532e-02
   4.5995790987762103e-02
   4.2576459599021121e-02
   3.8257416182044889e-02
   3.3144395924500226e-02
   2.7353128367031663e-02
   2.1008327026002090e-02
   1.4242158478682782e-02
   7.1923432945111259e-03
  -2.8644173692945860e-03
   6.3446675719144672e-03
  -1.0466336033850804e-02
   1.5030974410945926e-02
  -1.9867875298006238e-02
   2.4821525343878045e-02
  -2.9746528527440738e-02
   3.4506090335936358e-02
  -3.8972149842551228e-02
   4.3026298395124327e-02
  -4.6561055188689728e-02
   4.9481260891513834e-02
  -5.1705443269841535e-02
   5.3167058350479239e-02
  -5.3815539928040959e-02
   5.3617109383304655e-02
  -1.4898089487420647e-02
   3.1669987539126011e-02
  -4.9039266587410035e-02
   6.4513327044690150e-02
  -7.5964895362937518e-02
   8.1769872472084476e-02
  -8.0934380445872922e-02
   7.3177965460796496e-02
  -5.8954535042700013e-02
   3.9404345938009719e-02
  -1.6239522852427073e-02
  -8.4267594561575811e-03
   3.2291169426634792e-02
  -5.3090640029293375e-02
   6.8829633870300069e-02
  -7.7981739685347454e-02
  -3.4946057455124906e-02
   6.8783436706580797e-02
  -9.3951738109318339e-02
   1.0209083340674008e-01
  -8.9406250614350147e-02
   5.7471707044570955e-02
  -1.2813186699401263e-02
  -3.4675141092852982e-02
   7.4127474019882025e-02
  -9.6348972234640604e-02
   9.6070823387665094e-02
  -7.3272710982016015e-02
   3.3249111307936591e-02
   1.4603364855142876e-02
  -5.8992774519786503e-02
   8.9407713967499372e-02
  -6.0451133196800476e-02
   1.0563946986431635e-01
  -1.1613710548881938e-01
   8.2503216804197782e-02
  -1.5858761595958653e-02
  -5.7057541250914140e-02
   1.0569021712569107e-01
  -1.0922422999565756e-01
   6.5960894568614120e-02
   5.6383245144162129e-03
  -7.4757841379327339e-02
   1.1151911284101568e-01
  -9.9967327892004534e-02
   4.5067135102181695e-02
   2.9383509375697194e-02
  -9.1052731371487700e-02
  -8.8160452598354727e-02
   1.2964853403575372e-01
  -9.5880295042787597e-02
   2.2007375580274709e-03
   9.2080759363748876e-02
  -1.2459876373261465e-01
   7.3346661109416775e-02
   2.7321821539081279e-02
  -1.0936053277116556e-01
   1.1709292222089537e-01
  -4.5209268706860310e-02
  -5.7413017824322794e-02
   1.2087786583227117e-01
  -1.0190589039286747e-01
   1.3417459340182779e-02
   8.4210730956607874e-02
  -1.1454017739593683e-01
   1.3131010697797260e-01
  -3.3670388625369634e-02
  -9.3279527802806725e-02
   1.3049845699129994e-01
  -4.2402457350863731e-02
  -8.6310156791741852e-02
   1.3135075912624625e-01
  -4.9112242091834672e-02
  -8.0684481966396396e-02
   1.3207039741446630e-01
  -5.5132980483222453e-02
  -7.5360755463744322e-02
   1.3253796652320501e-01
  -6.0787184256027950e-02
  -7.0089457031965965e-02
  -1.3622607067997680e-01
   1.0698897241670545e-01
   4.8827950643237798e-02
  -1.3997424816292464e-01
   5.1461318571803631e-02
   1.0277114494247874e-01
  -1.2406971588107048e-01
  -1.4911054883736325e-02
   1.3443798843769084e-01
  -7.9897068195683180e-02
  -7.8049620232798433e-02
   1.3482775020244003e-01
  -1.6903435695058727e-02
  -1.2288939850973651e-01
   1.0336896021965024e-01
   5.0144839446654203e-02
  -1.5045251441900029e-01
   6.0046014164768451e-02
   1.1831867517492130e-01
  -1.0211188394775003e-01
  -8.0241626625535911e-02
   1.3057346601862715e-01
   3.3040012467893690e-02
  -1.4219833633975826e-01
   1.7999004606001085e-02
   1.3562217663029549e-01
  -6.6551040062433481e-02
  -1.1173558318574536e-01
   1.0650020049062847e-01
   7.3610955646923132e-02
  -1.3279451919804122e-01
  -2.6122921010066299e-02
  -1.5540520194792540e-01
   5.5881714609021561e-17
   1.4536825545288776e-01
  -1.0266126505795138e-16
  -1.4406447794662502e-01
   1.4899971385134438e-16
   1.4365462084884917e-01
  -1.9520362344202514e-16
  -1.4347494020210819e-01
   2.4134908986590758e-16
   1.4338051772383087e-01
  -2.8746396935390376e-16
  -1.4332484677716859e-01
   3.3356085435428386e-16
   1.4328929553098679e-01
  -3.7964626322560801e-16
  -1.5045251441900045e-01
  -6.0046014164768458e-02
   1.1831867517492141e-01
   1.0211188394775007e-01
  -8.0241626625536119e-02
  -1.3057346601862727e-01
   3.3040012467893849e-02
   1.4219833633975842e-01
   1.7999004606000957e-02
  -1.3562217663029583e-01
  -6.6551040062433411e-02
   1.1173558318574568e-01
   1.0650020049062850e-01
  -7.3610955646923520e-02
  -1.3279451919804139e-01
   2.6122921010066576e-02
  -1.3622607067997680e-01
  -1.0698897241670539e-01
   4.8827950643237854e-02
   1.3997424816292461e-01
   5.1461318571803562e-02
  -1.0277114494247877e-01
  -1.2406971588107039e-01
   1.4911054883736456e-02
   1.3443798843769078e-01
   7.9897068195682999e-02
  -7.8049620232798544e-02
  -1.3482775020243995e-01
  -1.6903435695058523e-02
   1.2288939850973653e-01
   1.0336896021965002e-01
  -5.0144839446654488e-02
  -1.1454017739593696e-01
  -1.3131010697797274e-01
  -3.3670388625369668e-02
   9.3279527802806822e-02
   1.3049845699130008e-01
   4.2402457350863780e-02
  -8.6310156791741949e-02
  -1.3135075912624639e-01
  -4.9112242091834721e-02
   8.0684481966396479e-02
   1.3207039741446644e-01
   5.5132980483222516e-02
  -7.5360755463744405e-02
  -1.3253796652320515e-01
  -6.0787184256028012e-02
   7.0089457031966035e-02
  -8.8160452598354769e-02
  -1.2964853403575377e-01
  -9.5880295042787556e-02
  -2.2007375580273517e-03
   9.2080759363748960e-02
   1.2459876373261469e-01
   7.3346661109416678e-02
  -2.7321821539081519e-02
  -1.0936053277116571e-01
  -1.1709292222089532e-01
  -4.5209268706860081e-02
   5.7413017824323107e-02
   1.2087786583227124e-01
   1.0190589039286722e-01
   1.3417459340182436e-02
  -8.4210730956608082e-02
  -6.0451133196800358e-02
  -1.0563946986431620e-01
  -1.1613710548881938e-01
  -8.2503216804197976e-02
  -1.5858761595959055e-02
   5.7057541250913654e-02
   1.0569021712569077e-01
   1.0922422999565763e-01
   6.5960894568614606e-02
  -5.6383245144154184e-03
  -7.4757841379326548e-02
  -1.1151911284101543e-01
  -9.9967327892005062e-02
  -4.5067135102182646e-02
   2.9383509375696056e-02
   9.1052731371486895e-02
  -3.4946057455125162e-02
  -6.8783436706581297e-02
  -9.3951738109318991e-02
  -1.0209083340674073e-01
  -8.9406250614350646e-02
  -5.7471707044571156e-02
  -1.2813186699401038e-02
   3.4675141092853516e-02
   7.4127474019882733e-02
   9.6348972234641325e-02
   9.6070823387665608e-02
   7.3272710982016070e-02
   3.3249111307936285e-02
  -1.4603364855143561e-02
  -5.8992774519787294e-02
  -8.9407713967500177e-02
  -1.4898089487420775e-02
  -3.1669987539126303e-02
  -4.9039266587410507e-02
  -6.4513327044690844e-02
  -7.5964895362938489e-02
  -8.1769872472085656e-02
  -8.0934380445874282e-02
  -7.3177965460798008e-02
  -5.8954535042701650e-02
  -3.9404345938011398e-02
  -1.6239522852428637e-02
   8.4267594561562367e-03
   3.2291169426633834e-02
   5.3090640029292840e-02
   6.8829633870300139e-02
   7.7981739685348189e-02
  -2.8644173692945842e-03
  -6.3446675719144637e-03
  -1.0466336033850804e-02
  -1.5030974410945931e-02
  -1.9867875298006262e-02
  -2.4821525343878086e-02
  -2.9746528527440808e-02
  -3.4506090335936469e-02
  -3.8972149842551401e-02
  -4.3026298395124563e-02
  -4.6561055188690068e-02
  -4.9481260891514230e-02
  -5.1705443269842125e-02
  -5.3167058350479954e-02
  -5.3815539928041826e-02
  -5.3617109383305751e-02
   4.3864214613952490e-04
  -1.1496005138940358e-03
   2.2293656281224096e-03
  -3.7055002502208133e-03
   5.5888546899608184e-03
  -7.8755582451359944e-03
   1.0548008980351858e-02
  -1.3575758113929238e-02
   1.6916476393770644e-02
  -2.0517063733736195e-02
   2.4314920799607460e-02
  -2.8239380759318027e-02
   3.2213287335955847e-02
  -3.6154697296946016e-02
   3.9978679890333345e-02
   5.1666536836614697e-03
  -1.2995430886419532e-02
   2.3833120397556945e-02
  -3.6880460717190928e-02
   5.0913489268804624e-02
  -6.4439863460611091e-02
   7.5872053211656812e-02
  -8.3710403681597656e-02
   8.6719162394301108e-02
  -8.4077592799424616e-02
   7.5490209280090440e-02
  -6.1244018833874404e-02
   4.2205888234146061e-02
  -1.9759192602394744e-02
  -4.3148895746909438e-03
   1.8540317507504064e-02
  -4.3178432255024643e-02
   7.1029385578213991e-02
  -9.4835953557366140e-02
   1.0731338164769595e-01
  -1.0324917704434489e-01
   8.1085587268160980e-02
  -4.3607599934402289e-02
  -2.4568023121018640e-03
   4.7854140515721955e-02
  -8.2916490326408743e-02
   9.9862670269387319e-02
  -9.4727786692977697e-02
   6.8438061098477013e-02
  -2.6746347561253329e-02
   4.2166337079098871e-02
  -8.7186985215788312e-02
   1.1960630834254357e-01
  -1.2033554918351248e-01
   8.2353456071776771e-02
  -1.5478555736785318e-02
  -5.6619749301193754e-02
   1.0600534346408241e-01
  -1.1253549260363196e-01
   7.3045647699996025e-02
  -3.4433380097332370e-03
  -6.7458296162074327e-02
   1.0990186036673592e-01
  -1.0585750856565571e-01
   5.6895779555108182e-02
   7.4250563354956695e-02
  -1.2919852938917517e-01
   1.3038819017504669e-01
  -6.3759980722309526e-02
  -3.8303127076980414e-02
   1.1522544962959270e-01
  -1.1829237034593849e-01
   4.4863971647848382e-02
   5.7594484889648738e-02
  -1.2167328659963014e-01
   1.0472390635056722e-01
  -1.7871719857284498e-02
  -8.0824263144853026e-02
   1.2505898681850944e-01
  -8.4973509069324410e-02
   1.0994875737689895e-01
  -1.4914017453216291e-01
   7.9979767021707782e-02
   5.2294848099393741e-02
  -1.3454616054633478e-01
   9.2098045055518343e-02
   3.5904186617543375e-02
  -1.2919934854862078e-01
   9.9302447446533354e-02
   2.5320958526587393e-02
  -1.2535786193957049e-01
   1.0472118229686832e-01
   1.6739165255936234e-02
  -1.2189850711845560e-01
   1.0919701349761964e-01
   1.4260178070920748e-01
  -1.3251582750989191e-01
  -1.6851595224686385e-02
   1.3842410924764303e-01
  -8.6370735088849751e-02
  -7.3160917116046040e-02
   1.3851077956527844e-01
  -2.6955600194694021e-02
  -1.1857115785663000e-01
   1.1148069547020741e-01
   3.8915292176980372e-02
  -1.3890563078675108e-01
   5.9669983938040509e-02
   9.6460815109316200e-02
  -1.2787122559314176e-01
   1.6551002360727424e-01
  -7.8157930711603166e-02
  -1.1137252428623598e-01
   1.1722343696599254e-01
   6.4204407423350734e-02
  -1.3928845244702984e-01
  -1.2332238311020894e-02
   1.4288916765934945e-01
  -3.9718164132285037e-02
  -1.2800271985802267e-01
   8.5917548894724319e-02
   9.6733089868046129e-02
  -1.2064943315964016e-01
  -5.3179538469544416e-02
   1.3964968718280454e-01
   1.7374829780632195e-01
  -7.3924559845678056e-17
  -1.5047043976457883e-01
   1.2259001390014356e-16
   1.4649954298521092e-01
  -1.6976011038914025e-16
  -1.4508405526814841e-01
   2.1643951760009145e-16
   1.4441576956290425e-01
  -2.6289419057616394e-16
  -1.4404689087728681e-01
   3.0922664429215004e-16
   1.4382164149651580e-01
  -3.5548509400231117e-16
  -1.4367396547287434e-01
   1.6551002360727440e-01
   7.8157930711603207e-02
  -1.1137252428623616e-01
  -1.1722343696599259e-01
   6.4204407423350929e-02
   1.3928845244702995e-01
  -1.2332238311021071e-02
  -1.4288916765934970e-01
  -3.9718164132284919e-02
   1.2800271985802300e-01
   8.5917548894724236e-02
  -9.6733089868046560e-02
  -1.2064943315964023e-01
   5.3179538469544839e-02
   1.3964968718280474e-01
   1.4260178070920748e-01
   1.3251582750989185e-01
  -1.6851595224686419e-02
  -1.3842410924764303e-01
  -8.6370735088849654e-02
   7.3160917116046109e-02
   1.3851077956527838e-01
   2.6955600194693872e-02
  -1.1857115785663000e-01
  -1.1148069547020732e-01
   3.8915292176980483e-02
   1.3890563078675103e-01
   5.9669983938040239e-02
  -9.6460815109316284e-02
  -1.2787122559314151e-01
   1.0994875737689906e-01
   1.4914017453216308e-01
   7.9979767021707879e-02
  -5.2294848099393804e-02
  -1.3454616054633492e-01
  -9.2098045055518440e-02
   3.5904186617543417e-02
   1.2919934854862092e-01
   9.9302447446533451e-02
  -2.5320958526587421e-02
  -1.2535786193957060e-01
  -1.0472118229686843e-01
   1.6739165255936252e-02
   1.2189850711845572e-01
   1.0919701349761976e-01
   7.4250563354956750e-02
   1.2919852938917523e-01
   1.3038819017504671e-01
   6.3759980722309456e-02
  -3.8303127076980574e-02
  -1.1522544962959276e-01
  -1.1829237034593841e-01
  -4.4863971647848243e-02
   5.7594484889648939e-02
   1.2167328659963020e-01
   1.0472390635056709e-01
   1.7871719857284168e-02
  -8.0824263144853331e-02
  -1.2505898681850947e-01
  -8.4973509069324063e-02
   4.2166337079098747e-02
   8.7186985215788118e-02
   1.1960630834254340e-01
   1.2033554918351250e-01
   8.2353456071777104e-02
   1.5478555736785859e-02
  -5.6619749301193130e-02
  -1.0600534346408200e-01
  -1.1253549260363203e-01
  -7.3045647699996608e-02
  -3.4433380097341651e-03
   6.7458296162073522e-02
   1.0990186036673551e-01
   1.0585750856565593e-01
   5.6895779555109251e-02
   1.8540317507504209e-02
   4.3178432255024976e-02
   7.1029385578214532e-02
   9.4835953557366834e-02
   1.0731338164769670e-01
   1.0324917704434540e-01
   8.1085587268161258e-02
   4.3607599934402268e-02
  -2.4568023121022999e-03
  -4.7854140515722648e-02
  -8.2916490326409450e-02
  -9.9862670269387999e-02
  -9.4727786692977961e-02
  -6.8438061098476999e-02
  -2.6746347561252888e-02
   5.1666536836614896e-03
   1.2995430886419589e-02
   2.3833120397557066e-02
   3.6880460717191157e-02
   5.0913489268804971e-02
   6.4439863460611618e-02
   7.5872053211657520e-02
   8.3710403681598655e-02
   8.6719162394302399e-02
   8.4077592799426198e-02
   7.5490209280092230e-02
   6.1244018833876299e-02
   4.2205888234148108e-02
   1.9759192602396784e-02
  -4.3148895746890990e-03
   4.3864214613951937e-04
   1.1496005138940217e-03
   2.2293656281223836e-03
   3.7055002502207712e-03
   5.5888546899607559e-03
   7.8755582451359094e-03
   1.0548008980351752e-02
   1.3575758113929111e-02
   1.6916476393770488e-02
   2.0517063733736036e-02
   2.4314920799607263e-02
   2.8239380759317877e-02
   3.2213287335955708e-02
   3.6154697296945912e-02
   3.9978679890333331e-02
  -6.4893740124128600e-05
   1.9284644240516691e-04
  -4.2137148241645973e-04
   7.8217312646015305e-04
  -1.3064502696327920e-03
   2.0237763081031378e-03
  -2.9609432927752508e-03
   4.1408747273156245e-03
  -5.5816366196502695e-03
   7.2955675923472756e-03
  -9.2885463015300769e-03
   1.1559412253397102e-02
  -1.4099553544584547e-02
   1.6892672035799621e-02
  -1.7310376504927985e-03
   4.9369653647508664e-03
  -1.0239514154158752e-02
   1.7834961980970867e-02
  -2.7612381494560613e-02
   3.9129998274063042e-02
  -5.1629824399725840e-02
   6.4092837780474934e-02
  -7.5330269674408104e-02
   8.4102132829981899e-02
  -8.9250768793767712e-02
   8.9835119757983237e-02
  -8.5250856400262032e-02
   7.5322503947502700e-02
  -9.5028644887710928e-03
   2.5094380186734291e-02
  -4.7066474005600295e-02
   7.2128181658744434e-02
  -9.5026506942970615e-02
   1.0976783655632734e-01
  -1.1117550866369386e-01
   9.6396838420051797e-02
  -6.5951529951634280e-02
   2.4009921324282188e-02
   2.2227799308137453e-02
  -6.3956479268326885e-02
   9.2690904170598817e-02
  -1.0224547664552802e-01
  -2.8414871363598874e-02
   6.6619859668736167e-02
  -1.0594807686391758e-01
   1.2891739528844579e-01
  -1.2080470577683422e-01
   7.7564400051792132e-02
  -9.5597911233518146e-03
  -6.1037842845402215e-02
   1.0854134380812780e-01
  -1.1440497050323060e-01
   7.5618701468640165e-02
  -6.9518616870772971e-03
  -6.4307596472196166e-02
   1.0921430641430840e-01
  -6.0414903119144270e-02
   1.1919941810499506e-01
  -1.4490926997689010e-01
   1.0904499670307664e-01
  -1.9317666491779423e-02
  -7.8986601169116349e-02
   1.2902855518398534e-01
  -9.9600958705635470e-02
   8.0676144879897049e-03
   8.8034055776421483e-02
  -1.2694820005661028e-01
   8.3138407678067197e-02
   1.5018263155884247e-02
  -1.0303605114829846e-01
  -1.0196266725423359e-01
   1.5682588391202840e-01
  -1.1545732457971492e-01
  -8.8660209997870106e-03
   1.2080637699360057e-01
  -1.2471625709720199e-01
   1.6596789217677255e-02
   1.0547993551786516e-01
  -1.2876231078347505e-01
   3.1415225947073577e-02
   9.5066860229684802e-02
  -1.3103170474717460e-01
   4.2270609396086956e-02
   8.6606662655132977e-02
  -1.4421421016981817e-01
   1.5195783405915955e-01
  -1.3186107420056511e-02
  -1.2993058096811624e-01
   1.1341179525727631e-01
   4.0939506046502823e-02
  -1.4201486621168730e-01
   6.3972628605768397e-02
   9.4181300726496261e-02
  -1.3184581834670955e-01
   1.3833053076925384e-03
   1.3035715488036828e-01
  -9.4786622187830100e-02
  -6.2285031864859224e-02
  -1.7590068849033516e-01
   9.4186471229260674e-02
   1.0403282087945187e-01
  -1.2987219739872288e-01
  -4.8629076162819349e-02
   1.4534255747954922e-01
  -7.1103042638253127e-03
  -1.4103162467816607e-01
   5.9324994513497424e-02
   1.1830568699092490e-01
  -1.0241298597611452e-01
  -8.0458275939806409e-02
   1.3140223276587609e-01
   3.2531424732812154e-02
  -1.8766961081208663e-01
   9.0538725540874784e-17
   1.5560742090392909e-01
  -1.4135353994507625e-16
  -1.4929026123135003e-01
   1.8954434098358592e-16
   1.4685128309051912e-01
  -2.3683749411128511e-16
  -1.4563861755004684e-01
   2.8370610881439614e-16
   1.4494438797709844e-01
  -3.3033796858542486e-16
  -1.4450880088652010e-01
   3.7682357527387715e-16
  -1.7590068849033533e-01
  -9.4186471229260715e-02
   1.0403282087945206e-01
   1.2987219739872302e-01
  -4.8629076162819522e-02
  -1.4534255747954938e-01
  -7.1103042638251662e-03
   1.4103162467816641e-01
   5.9324994513497313e-02
  -1.1830568699092525e-01
  -1.0241298597611452e-01
   8.0458275939806784e-02
   1.3140223276587626e-01
  -3.2531424732812439e-02
  -1.4421421016981817e-01
  -1.5195783405915955e-01
  -1.3186107420056445e-02
   1.2993058096811624e-01
   1.1341179525727617e-01
  -4.0939506046502927e-02
  -1.4201486621168724e-01
  -6.3972628605768189e-02
   9.4181300726496331e-02
   1.3184581834670947e-01
   1.3833053076923384e-03
  -1.3035715488036825e-01
  -9.4786622187829850e-02
   6.2285031864859494e-02
  -1.0196266725423370e-01
  -1.5682588391202856e-01
  -1.1545732457971504e-01
   8.8660209997870193e-03
   1.2080637699360071e-01
   1.2471625709720213e-01
   1.6596789217677273e-02
  -1.0547993551786529e-01
  -1.2876231078347519e-01
  -3.1415225947073612e-02
   9.5066860229684913e-02
   1.3103170474717477e-01
   4.2270609396087004e-02
  -8.6606662655133074e-02
  -6.0414903119144311e-02
  -1.1919941810499518e-01
  -1.4490926997689013e-01
  -1.0904499670307663e-01
  -1.9317666491779309e-02
   7.8986601169116530e-02
   1.2902855518398543e-01
   9.9600958705635345e-02
   8.0676144879894777e-03
  -8.8034055776421746e-02
  -1.2694820005661026e-01
  -8.3138407678066906e-02
   1.5018263155884589e-02
   1.0303605114829860e-01
  -2.8414871363598770e-02
  -6.6619859668735945e-02
  -1.0594807686391734e-01
  -1.2891739528844565e-01
  -1.2080470577683432e-01
  -7.7564400051792534e-02
  -9.5597911233524478e-03
   6.1037842845401515e-02
   1.0854134380812730e-01
   1.1440497050323069e-01
   7.5618701468640956e-02
   6.9518616870783536e-03
  -6.4307596472195139e-02
  -1.0921430641430796e-01
  -9.5028644887711743e-03
  -2.5094380186734506e-02
  -4.7066474005600684e-02
  -7.2128181658745016e-02
  -9.5026506942971309e-02
  -1.0976783655632807e-01
  -1.1117550866369452e-01
  -9.6396838420052186e-02
  -6.5951529951634377e-02
  -2.4009921324281883e-02
   2.2227799308138084e-02
   6.3956479268327648e-02
   9.2690904170599595e-02
   1.0224547664552863e-01
  -1.7310376504927969e-03
  -4.9369653647508664e-03
  -1.0239514154158759e-02
  -1.7834961980970891e-02
  -2.7612381494560655e-02
  -3.9129998274063153e-02
  -5.1629824399726049e-02
  -6.4092837780475295e-02
  -7.5330269674408673e-02
  -8.4102132829982704e-02
  -8.9250768793768781e-02
  -8.9835119757984638e-02
  -8.5250856400263808e-02
  -7.5322503947504851e-02
  -6.4893740124127015e-05
  -1.9284644240516224e-04
  -4.2137148241644970e-04
  -7.8217312646013440e-04
  -1.3064502696327612e-03
  -2.0237763081030918e-03
  -2.9609432927751845e-03
  -4.1408747273155326e-03
  -5.5816366196501516e-03
  -7.2955675923471186e-03
  -9.2885463015298948e-03
  -1.1559412253396881e-02
  -1.4099553544584295e-02
  -1.6892672035799357e-02
   9.4275342571115881e-06
  -3.0972911619160301e-05
   7.4438707265250131e-05
  -1.5108767541037259e-04
   2.7437686517094845e-04
  -4.5974539845186412e-04
   7.2429240359222797e-04
  -1.0863657356403925e-03
   1.5650738936180805e-03
  -2.1797340289905010e-03
   2.9492702660144829e-03
  -3.8915778325180261e-03
   5.0228695303199886e-03
   5.6951680331476882e-04
  -1.7957058461782285e-03
   4.1056279969353092e-03
  -7.8554870013046868e-03
   1.3320074242177916e-02
  -2.0630766464586763e-02
   2.9722966550993823e-02
  -4.0301887369932836e-02
   5.1833137064291920e-02
  -6.3561841526218063e-02
   7.4560821461559318e-02
  -8.3804920212707537e-02
   9.0265323630821903e-02
   4.7829382244489304e-03
  -1.3963419853781103e-02
   2.9009769687698451e-02
  -4.9379348367032047e-02
   7.2676961827071715e-02
  -9.4850012221187496e-02
   1.1090803959502364e-01
  -1.1604321632192248e-01
   1.0689512111411084e-01
  -8.2635624943363808e-02
   4.5565229664868798e-02
  -1.0111731902175069e-03
  -4.3520907438363655e-02
   1.8803053373078617e-02
  -4.8737302232055593e-02
   8.6688204380241468e-02
  -1.2037952325312064e-01
   1.3464402016237029e-01
  -1.1814241462153606e-01
   6.9588034003946350e-02
  -3.7869096843436443e-04
  -6.8140449756842095e-02
   1.1222836170037627e-01
  -1.1526782786129537e-01
   7.5232005738295679e-02
  -6.6418830234684367e-03
   4.8271553985617208e-02
  -1.0529225330267480e-01
   1.4624694694870166e-01
  -1.3808592558066557e-01
   7.0650632012263306e-02
   2.9971739434930818e-02
  -1.1203490744792186e-01
   1.2853585253124211e-01
  -6.8454434194056710e-02
  -3.2818100411124644e-02
   1.1298956034186142e-01
  -1.2148377011304454e-01
   5.2475611168259363e-02
   9.2852781162971271e-02
  -1.5788706826631191e-01
   1.4158834537708259e-01
  -3.2925029407526112e-02
  -9.5343439162201477e-02
   1.4080945767517117e-01
  -6.4121559026352776e-02
  -6.8060332387496703e-02
   1.3732251216779809e-01
  -8.0429533588011928e-02
  -5.0354494224313991e-02
   1.3352200166455799e-01
  -9.1205865099258404e-02
   1.4321682094039673e-01
  -1.6683384383296393e-01
   4.1221184436374542e-02
   1.1647264803651292e-01
  -1.3337529446940147e-01
  -8.2196222730819297e-03
   1.3669206067900186e-01
  -9.4882453751795451e-02
  -6.4447544216366393e-02
   1.4157444821053361e-01
  -3.9715812975813933e-02
  -1.1185090885861873e-01
   1.2064399318634383e-01
   1.8357504546497630e-01
  -1.0867001299325493e-01
  -9.6139355629402054e-02
   1.4050294595608007e-01
   3.3356162505494981e-02
  -1.4915933491733060e-01
   2.5410506575446579e-02
   1.3705800235064677e-01
  -7.6959088034230003e-02
  -1.0697427115790609e-01
   1.1624053324671710e-01
   6.3346175095787091e-02
  -1.3905601515638963e-01
   1.9905368164180004e-01
  -1.0616606628781178e-16
  -1.6048220871439547e-01
   1.5924909943171773e-16
   1.5216544089364126e-01
  -2.0856633787538410e-16
  -1.4877098918418380e-01
   2.5655845976102386e-16
   1.4701724236821745e-01
  -3.0391003062576000e-16
  -1.4598449431294203e-01
   3.5089799738552160e-16
   1.4532228669078923e-01
   1.8357504546497652e-01
   1.0867001299325500e-01
  -9.6139355629402290e-02
  -1.4050294595608018e-01
   3.3356162505495168e-02
   1.4915933491733085e-01
   2.5410506575446426e-02
  -1.3705800235064711e-01
  -7.6959088034229906e-02
   1.0697427115790650e-01
   1.1624053324671714e-01
  -6.3346175095787535e-02
  -1.3905601515638982e-01
   1.4321682094039673e-01
   1.6683384383296387e-01
   4.1221184436374458e-02
  -1.1647264803651293e-01
  -1.3337529446940144e-01
   8.2196222730820650e-03
   1.3669206067900180e-01
   9.4882453751795381e-02
  -6.4447544216366490e-02
  -1.4157444821053353e-01
  -3.9715812975813669e-02
   1.1185090885861879e-01
   1.2064399318634357e-01
   9.2852781162971368e-02
   1.5788706826631210e-01
   1.4158834537708276e-01
   3.2925029407526146e-02
  -9.5343439162201574e-02
  -1.4080945767517133e-01
  -6.4121559026352845e-02
   6.8060332387496772e-02
   1.3732251216779823e-01
   8.0429533588012025e-02
  -5.0354494224314046e-02
  -1.3352200166455816e-01
  -9.1205865099258501e-02
   4.8271553985617263e-02
   1.0529225330267490e-01
   1.4624694694870174e-01
   1.3808592558066554e-01
   7.0650632012263112e-02
  -2.9971739434930984e-02
  -1.1203490744792198e-01
  -1.2853585253124206e-01
  -6.8454434194056474e-02
   3.2818100411124963e-02
   1.1298956034186160e-01
   1.2148377011304441e-01
   5.2475611168258961e-02
   1.8803053373078527e-02
   4.8737302232055399e-02
   8.6688204380241191e-02
   1.2037952325312035e-01
   1.3464402016237015e-01
   1.1814241462153618e-01
   6.9588034003946919e-02
   3.7869096843522377e-04
  -6.8140449756841304e-02
  -1.1222836170037594e-01
  -1.1526782786129551e-01
  -7.5232005738296359e-02
  -6.6418830234696502e-03
   4.7829382244489764e-03
   1.3963419853781234e-02
   2.9009769687698712e-02
   4.9379348367032463e-02
   7.2676961827072312e-02
   9.4850012221188218e-02
   1.1090803959502445e-01
   1.1604321632192321e-01
   1.0689512111411127e-01
   8.2635624943363961e-02
   4.5565229664868465e-02
   1.0111731902169923e-03
  -4.3520907438364426e-02
   5.6951680331476600e-04
   1.7957058461782198e-03
   4.1056279969352918e-03
   7.8554870013046556e-03
   1.3320074242177873e-02
   2.0630766464586728e-02
   2.9722966550993796e-02
   4.0301887369932857e-02
   5.1833137064291990e-02
   6.3561841526218257e-02
   7.4560821461559720e-02
   8.3804920212708162e-02
   9.0265323630822916e-02
   9.4275342571112442e-06
   3.0972911619159183e-05
   7.4438707265247461e-05
   1.5108767541036723e-04
   2.7437686517093869e-04
   4.5974539845184802e-04
   7.2429240359220270e-04
   1.0863657356403556e-03
   1.5650738936180263e-03
   2.1797340289904294e-03
   2.9492702660143875e-03
   3.8915778325179021e-03
   5.0228695303198411e-03
  -1.3542957465347903e-06
   4.8369629647481888e-06
  -1.2586860653750364e-05
   2.7542704230155742e-05
  -5.3702261047897547e-05
   9.6245774325588591e-05
  -1.6162443428900769e-04
   2.5760889942714880e-04
  -3.9329267142387115e-04
   5.7904620502596013e-04
  -8.2641896983756777e-04
   1.1479881425914636e-03
  -1.8527919360736045e-04
   6.3508322244780393e-04
  -1.5744992326116620e-03
   3.2577628631367136e-03
  -5.9592404545516786e-03
   9.9383650234056604e-03
  -1.5397385441387267e-02
   2.2437051753804810e-02
  -3.1016059560420622e-02
   4.0920257530823949e-02
  -5.1747075127806574e-02
   6.2909356365841898e-02
  -2.3804282101099615e-03
   7.5548778508967677e-03
  -1.7073805713254720e-02
   3.1652609509191618e-02
  -5.0877932164009536e-02
   7.2897666424666580e-02
  -9.4452371696961440e-02
   1.1131786415025620e-01
  -1.1911664494678413e-01
   1.1434406918033323e-01
  -9.5372819640749798e-02
   6.3171673123524938e-02
  -1.2303570005492481e-02
   3.4668861928120902e-02
  -6.7503529488686403e-02
   1.0379622945180170e-01
  -1.3141545824556713e-01
   1.3720072718057280e-01
  -1.1270955311323011e-01
   5.9167837632213199e-02
   1.0898649952416272e-02
  -7.6704762336891691e-02
   1.1629539247473664e-01
  -1.1512719143734841e-01
  -3.8138056532150785e-02
   9.0435518214913135e-02
  -1.3938427476093129e-01
   1.5327454051934075e-01
  -1.1118199780119016e-01
   2.1451293635979290e-02
   7.6477985862465500e-02
  -1.3158404198849044e-01
   1.1203619390911813e-01
  -2.7618814678721022e-02
  -7.2493986958479487e-02
   1.2774670056408310e-01
  -8.3612022066778105e-02
   1.5455950003989979e-01
  -1.5977104515829321e-01
   7.0804591676626560e-02
   6.2879469953840084e-02
  -1.4235684875025648e-01
   1.0255941416299623e-01
   2.3926276189497220e-02
  -1.2757331566885804e-01
   1.1631046589999254e-01
  -2.8257541023849785e-05
  -1.1541734254105408e-01
  -1.4063715880055616e-01
   1.7810066637368005e-01
  -6.7124639455810223e-02
  -9.9483086745172242e-02
   1.4696217751678942e-01
  -2.3514298486739339e-02
  -1.2439302052947621e-01
   1.1908339958896481e-01
   3.1964110956690293e-02
  -1.4172012619845187e-01
   7.3863705272472810e-02
   8.6073553828327362e-02
  -1.8944355327331544e-01
   1.2191334265158082e-01
   8.7743867090137595e-02
  -1.4941029652397844e-01
  -1.8365863005820004e-02
   1.5105324997504718e-01
  -4.2613374701699749e-02
  -1.3131212523054286e-01
   9.2714548709620606e-02
   9.4372394459432019e-02
  -1.2757235414029766e-01
  -4.5755630448099389e-02
  -2.0876926256676437e-01
   1.2104793976080906e-16
   1.6504659378617634e-01
  -1.7645617842885234e-16
  -1.5501582172410097e-01
   2.2696488705151710e-16
   1.5075029112228050e-01
  -2.7571277879508167e-16
  -1.4848013653221873e-01
   3.2359566804651836e-16
   1.4711277253853522e-01
  -3.7098099544062899e-16
  -1.8944355327331572e-01
  -1.2191334265158092e-01
   8.7743867090137803e-02
   1.4941029652397861e-01
  -1.8365863005820188e-02
  -1.5105324997504749e-01
  -4.2613374701699611e-02
   1.3131212523054323e-01
   9.2714548709620578e-02
  -9.4372394459432407e-02
  -1.2757235414029777e-01
   4.5755630448099702e-02
  -1.4063715880055616e-01
  -1.7810066637367997e-01
  -6.7124639455810126e-02
   9.9483086745172325e-02
   1.4696217751678936e-01
   2.3514298486739166e-02
  -1.2439302052947625e-01
  -1.1908339958896473e-01
   3.1964110956690474e-02
   1.4172012619845178e-01
   7.3863705272472574e-02
  -8.6073553828327570e-02
  -8.3612022066778188e-02
  -1.5455950003989996e-01
  -1.5977104515829341e-01
  -7.0804591676626644e-02
   6.2879469953840153e-02
   1.4235684875025664e-01
   1.0255941416299634e-01
  -2.3926276189497244e-02
  -1.2757331566885818e-01
  -1.1631046589999267e-01
  -2.8257541023849816e-05
   1.1541734254105421e-01
  -3.8138056532150834e-02
  -9.0435518214913246e-02
  -1.3938427476093135e-01
  -1.5327454051934072e-01
  -1.1118199780119012e-01
  -2.1451293635979109e-02
   7.6477985862465681e-02
   1.3158404198849061e-01
   1.1203619390911794e-01
   2.7618814678720658e-02
  -7.2493986958479750e-02
  -1.2774670056408305e-01
  -1.2303570005492414e-02
  -3.4668861928120721e-02
  -6.7503529488686098e-02
  -1.0379622945180132e-01
  -1.3141545824556683e-01
  -1.3720072718057277e-01
  -1.1270955311323040e-01
  -5.9167837632213900e-02
   1.0898649952415327e-02
   7.6704762336890817e-02
   1.1629539247473614e-01
   1.1512719143734873e-01
  -2.3804282101099862e-03
  -7.5548778508968441e-03
  -1.7073805713254887e-02
  -3.1652609509191916e-02
  -5.0877932164010001e-02
  -7.2897666424667218e-02
  -9.4452371696962190e-02
  -1.1131786415025695e-01
  -1.1911664494678482e-01
  -1.1434406918033366e-01
  -9.5372819640750089e-02
  -6.3171673123524869e-02
  -1.8527919360735863e-04
  -6.3508322244779797e-04
  -1.5744992326116476e-03
  -3.2577628631366858e-03
  -5.9592404545516326e-03
  -9.9383650234055945e-03
  -1.5397385441387173e-02
  -2.2437051753804699e-02
  -3.1016059560420497e-02
  -4.0920257530823859e-02
  -5.1747075127806540e-02
  -6.2909356365842009e-02
  -1.3542957465347248e-06
  -4.8369629647479550e-06
  -1.2586860653749760e-05
  -2.7542704230154428e-05
  -5.3702261047895013e-05
  -9.6245774325584050e-05
  -1.6162443428900018e-04
  -2.5760889942713660e-04
  -3.9329267142385320e-04
  -5.7904620502593411e-04
  -8.2641896983753069e-04
  -1.1479881425914141e-03
   1.9306947707222886e-07
  -7.4070763513665301e-07
   2.0638054288643165e-06
  -4.8195250104095998e-06
   9.9969271492015177e-06
  -1.9004563484132055e-05
   3.3761131903516657e-05
  -5.6785829833104622e-05
   9.1284526965491048e-05
  -1.4122762842614352e-04
   2.1141539194747747e-04
   5.9817942650061002e-05
  -2.2024670166346526e-04
   5.8526760126516525e-04
  -1.2951410149675204e-03
   2.5288458103000519e-03
  -4.4943731719435344e-03
   7.4109624617724442e-03
  -1.1483982841281930e-02
   1.6874304595231523e-02
  -2.3665101800431444e-02
   3.1829884780142786e-02
   1.1757097389578674e-03
  -4.0081727177923620e-03
   9.7311623237284622e-03
  -1.9390458450780534e-02
   3.3548088803994118e-02
  -5.1881400254598156e-02
   7.2900982694078742e-02
  -9.3909762420642681e-02
   1.1127970758369124e-01
  -1.2104704470797839e-01
   1.1973812486653665e-01
   7.9894819713670750e-03
  -2.4182489903882495e-02
   5.0807992185325897e-02
  -8.4912274333427643e-02
   1.1834135098767282e-01
  -1.3939796879343605e-01
   1.3682121316696727e-01
  -1.0478787711258183e-01
   4.6809387100550152e-02
   2.3524698383763795e-02
  -8.5926724235784957e-02
   2.9902709846327733e-02
  -7.6166670846697371e-02
   1.2786972894509391e-01
  -1.5768634678112373e-01
   1.3976950225130472e-01
  -6.8578259969490740e-02
  -3.1223430083070627e-02
   1.1321720021068495e-01
  -1.3405816155212086e-01
   8.0667875830449903e-02
   1.8144671402189311e-02
   7.4718345577829956e-02
  -1.4836387856672356e-01
   1.7132848448475727e-01
  -1.0361734911120477e-01
  -2.7029861961142196e-02
   1.3195780425226136e-01
  -1.2993956591581163e-01
   2.1243431068415950e-02
   1.0350220450330253e-01
  -1.3667576972820095e-01
   4.8767383913289226e-02
   1.3705372678219357e-01
  -1.8643620889607215e-01
   9.0821419253042240e-02
   8.0051002389061154e-02
  -1.5484596324057195e-01
   5.3220779305775477e-02
   1.0675313398303669e-01
  -1.3643153626364532e-01
   1.1781997278003551e-03
   1.3360383109399354e-01
  -1.0235528824972720e-01
   1.9401295388069920e-01
  -1.3411460950470253e-01
  -7.8935479059468336e-02
   1.5680953341158121e-01
   3.6828820134337447e-03
  -1.5127324680824591e-01
   5.8734519031721596e-02
   1.2407842115059894e-01
  -1.0666614960656667e-01
  -8.0805843812733064e-02
   1.3656459370027907e-01
   2.1729393780942546e-01
  -1.3533571092073434e-16
  -1.6931407227275558e-01
   1.9309490774098375e-16
   1.5779546294395022e-01
  -2.4483720564541879e-16
  -1.5273988313166759e-01
   2.9438069142800857e-16
   1.4998481015984089e-01
  -3.4283029832905538e-16
  -1.4829442021621964e-01
   1.9401295388069950e-01
   1.3411460950470261e-01
  -7.8935479059468572e-02
  -1.5680953341158144e-01
   3.6828820134339555e-03
   1.5127324680824622e-01
   5.8734519031721485e-02
  -1.2407842115059935e-01
  -1.0666614960656669e-01
   8.0805843812733480e-02
   1.3656459370027921e-01
   1.3705372678219357e-01
   1.8643620889607207e-01
   9.0821419253042129e-02
  -8.0051002389061238e-02
  -1.5484596324057187e-01
  -5.3220779305775366e-02
   1.0675313398303675e-01
   1.3643153626364518e-01
   1.1781997278001142e-03
  -1.3360383109399351e-01
  -1.0235528824972689e-01
   7.4718345577830039e-02
   1.4836387856672373e-01
   1.7132848448475746e-01
   1.0361734911120489e-01
  -2.7029861961142224e-02
  -1.3195780425226150e-01
  -1.2993956591581177e-01
  -2.1243431068415971e-02
   1.0350220450330264e-01
   1.3667576972820109e-01
   4.8767383913289275e-02
   2.9902709846327775e-02
   7.6166670846697454e-02
   1.2786972894509402e-01
   1.5768634678112378e-01
   1.3976950225130466e-01
   6.8578259969490574e-02
  -3.1223430083070925e-02
  -1.1321720021068511e-01
  -1.3405816155212077e-01
  -8.0667875830449653e-02
   1.8144671402189685e-02
   7.9894819713670264e-03
   2.4182489903882345e-02
   5.0807992185325626e-02
   8.4912274333427254e-02
   1.1834135098767241e-01
   1.3939796879343574e-01
   1.3682121316696735e-01
   1.0478787711258249e-01
   4.6809387100551034e-02
  -2.3524698383762779e-02
  -8.5926724235784055e-02
   1.1757097389578802e-03
   4.0081727177924053e-03
   9.7311623237285611e-03
   1.9390458450780731e-02
   3.3548088803994458e-02
   5.1881400254598649e-02
   7.2900982694079353e-02
   9.3909762420643431e-02
   1.1127970758369195e-01
   1.2104704470797918e-01
   1.1973812486653726e-01
   5.9817942650060135e-05
   2.2024670166346209e-04
   5.8526760126515712e-04
   1.2951410149675037e-03
   2.5288458103000211e-03
   4.4943731719434814e-03
   7.4109624617723644e-03
   1.1483982841281815e-02
   1.6874304595231378e-02
   2.3665101800431257e-02
   3.1829884780142592e-02
   1.9306947707221719e-07
   7.4070763513660843e-07
   2.0638054288641924e-06
   4.8195250104093135e-06
   9.9969271492009231e-06
   1.9004563484130934e-05
   3.3761131903514638e-05
   5.6785829833101322e-05
   9.1284526965485776e-05
   1.4122762842613536e-04
   2.1141539194746562e-04
  -2.7372488670751298e-08
   1.1179601335476424e-07
  -3.3074398844371283e-07
   8.1796706963878844e-07
  -1.7923396388915322e-06
   3.5910100504132058e-06
  -6.7086974971475493e-06
   1.1842827722248111e-05
  -1.9943856618749166e-05
   3.2269798124002522e-05
  -1.9205996737727416e-05
   7.5282428991588443e-05
  -2.1258075667920950e-04
   4.9899429479554670e-04
  -1.0318223707159525e-03
   1.9393088092255464e-03
  -3.3779035021885731e-03
   5.5242692714879251e-03
  -8.5615810620670706e-03
   1.2660376907280491e-02
  -5.7749163992406726e-04
   2.0959013849409557e-03
  -5.4163647465973793e-03
   1.1490309125036001e-02
  -2.1180789667042645e-02
   3.4954227690197799e-02
  -5.2554057964596203e-02
   7.2750829480859647e-02
  -9.3266717739070845e-02
   1.1094774293721706e-01
  -5.1594885863025944e-03
   1.6625238385235750e-02
  -3.7303513373326047e-02
   6.6906527648714603e-02
  -1.0088662767148042e-01
   1.3042094318983788e-01
  -1.4448082389939271e-01
   1.3368322943431898e-01
  -9.4637047538669528e-02
   3.2924428282515489e-02
  -2.3316485728887573e-02
   6.3226093881588452e-02
  -1.1414214175152453e-01
   1.5430586169756738e-01
  -1.5714988566203533e-01
   1.0769919809112717e-01
  -1.6492937896567320e-02
  -7.9768998833233615e-02
   1.3471871149863796e-01
  -1.1850243219076356e-01
  -6.6402789864453540e-02
   1.4036734601173426e-01
  -1.7747081903193315e-01
   1.3091955134307845e-01
  -9.5108952128911545e-03
  -1.1236039350278730e-01
   1.4579364586565144e-01
  -6.3171955057020307e-02
  -6.9572304870629903e-02
   1.4143218559238199e-01
  -1.3282571835351517e-01
   1.9235364405680316e-01
  -1.1229576101110567e-01
  -5.9025139092951664e-02
   1.5768019890723584e-01
  -8.0185765234271400e-02
  -8.5211662683142106e-02
   1.4710346155142506e-01
  -3.3327391623426419e-02
  -1.1867207612856445e-01
  -1.9759783573498757e-01
   1.4541405194072793e-01
   6.9801437320646420e-02
  -1.6286807828246908e-01
   1.0655609888877295e-02
   1.5002475736613369e-01
  -7.3779635191619439e-02
  -1.1559831861988511e-01
   1.1888099520722872e-01
   6.6535400582232382e-02
  -2.2492059410424589e-01
   1.4913268997227886e-16
   1.7331295748153924e-01
  -2.0925128664159200e-16
  -1.6048594012118100e-01
   2.6225516395362598e-16
   1.5471276019918798e-01
  -3.1262311593979689e-16
  -1.5150516288223742e-01
   3.6166617846935378e-16
  -1.9759783573498790e-01
  -1.4541405194072807e-01
   6.9801437320646656e-02
   1.6286807828246935e-01
   1.0655609888877111e-02
  -1.5002475736613394e-01
  -7.3779635191619369e-02
   1.1559831861988548e-01
   1.1888099520722875e-01
  -6.6535400582232715e-02
  -1.3282571835351517e-01
  -1.9235364405680308e-01
  -1.1229576101110557e-01
   5.9025139092951755e-02
   1.5768019890723584e-01
   8.0185765234271317e-02
  -8.5211662683142217e-02
  -1.4710346155142487e-01
  -3.3327391623426197e-02
   1.1867207612856452e-01
  -6.6402789864453624e-02
  -1.4036734601173442e-01
  -1.7747081903193335e-01
  -1.3091955134307859e-01
  -9.5108952128911649e-03
   1.1236039350278741e-01
   1.4579364586565161e-01
   6.3171955057020376e-02
  -6.9572304870629972e-02
  -1.4143218559238213e-01
  -2.3316485728887601e-02
  -6.3226093881588522e-02
  -1.1414214175152465e-01
  -1.5430586169756749e-01
  -1.5714988566203533e-01
  -1.0769919809112705e-01
  -1.6492937896567052e-02
   7.9768998833233878e-02
   1.3471871149863807e-01
   1.1850243219076326e-01
  -5.1594885863025563e-03
  -1.6625238385235636e-02
  -3.7303513373325818e-02
  -6.6906527648714256e-02
  -1.0088662767147991e-01
  -1.3042094318983749e-01
  -1.4448082389939268e-01
  -1.3368322943431915e-01
  -9.4637047538670027e-02
  -3.2924428282516530e-02
  -5.7749163992407420e-04
  -2.0959013849409795e-03
  -5.4163647465974418e-03
  -1.1490309125036128e-02
  -2.1180789667042874e-02
  -3.4954227690198132e-02
  -5.2554057964596688e-02
  -7.2750829480860243e-02
  -9.3266717739071636e-02
  -1.1094774293721790e-01
  -1.9205996737727043e-05
  -7.5282428991587034e-05
  -2.1258075667920562e-04
  -4.9899429479553781e-04
  -1.0318223707159347e-03
  -1.9393088092255152e-03
  -3.3779035021885202e-03
  -5.5242692714878435e-03
  -8.5615810620669527e-03
  -1.2660376907280335e-02
  -2.7372488670749316e-08
  -1.1179601335475616e-07
  -3.3074398844368906e-07
  -8.1796706963872978e-07
  -1.7923396388914041e-06
  -3.5910100504129475e-06
  -6.7086974971470766e-06
  -1.1842827722247279e-05
  -1.9943856618747766e-05
  -3.2269798124000319e-05
   3.8645399992942189e-09
  -1.6686381888839000e-08
   5.2076563289286732e-08
  -1.3557380505573628e-07
   3.1207951103185357e-07
  -6.5559212203465215e-07
   1.2818880780331316e-06
  -2.3645030550839619e-06
   4.1542901607920572e-06
   6.1408018961776218e-06
  -2.5446859935165102e-05
   7.5848046044670771e-05
  -1.8764993462029426e-04
   4.0841121491760798e-04
  -8.0696872757055299e-04
   1.4761417646084911e-03
  -2.5331552801189103e-03
   4.1168596615483366e-03
   2.8247118057642096e-04
  -1.0838061921382316e-03
   2.9603103666033274e-03
  -6.6376627368308653e-03
   1.2937673502677167e-02
  -2.2597022356654714e-02
   3.6016888720844145e-02
  -5.2991639732399169e-02
   7.2487648233041893e-02
   3.3180089159507479e-03
  -1.1302931970363403e-02
   2.6873665366598284e-02
  -5.1253318137271596e-02
   8.2635747525778139e-02
  -1.1527077728880586e-01
   1.4002788817741582e-01
  -1.4675513478621408e-01
   1.2795474968272094e-01
   1.8104998735067383e-02
  -5.1902000376428399e-02
   9.9811258777794148e-02
  -1.4570191636763080e-01
   1.6497461909557859e-01
  -1.3730026284523467e-01
   6.1452272166033758e-02
   3.7710050221237093e-02
  -1.1727565329613383e-01
   5.8766288541948757e-02
  -1.3132891771123947e-01
   1.7927276181212723e-01
  -1.5271891778210947e-01
   4.4804290538522897e-02
   8.6189796764316526e-02
  -1.5066141141725412e-01
   9.8902193902901822e-02
   3.0127224596573018e-02
   1.2819065156346071e-01
  -1.9625780606808338e-01
   1.3157862739481610e-01
   3.7075385298319920e-02
  -1.5609349766569908e-01
   1.0394333560891351e-01
   6.1024468167967368e-02
  -1.5149682547356005e-01
   6.3213652211225352e-02
   2.0040866579001590e-01
  -1.5591684177331752e-01
  -6.0418372636013899e-02
   1.6772177698350935e-01
  -2.4611666919314119e-02
  -1.4748216969871916e-01
   8.7752736572058190e-02
   1.0608036238316229e-01
  -1.2942383800058016e-01
   2.3184284171712069e-01
  -1.6251358119188634e-16
  -1.7707289525039505e-01
   2.2498986526279945e-16
   1.6308156844029315e-01
  -2.7927404522631390e-16
  -1.5665402508951265e-01
   3.3048786156623695e-16
   1.5302481137285731e-01
   2.0040866579001626e-01
   1.5591684177331769e-01
  -6.0418372636014184e-02
  -1.6772177698350960e-01
  -2.4611666919313942e-02
   1.4748216969871952e-01
   8.7752736572058163e-02
  -1.0608036238316275e-01
  -1.2942383800058027e-01
   1.2819065156346071e-01
   1.9625780606808335e-01
   1.3157862739481593e-01
  -3.7075385298320024e-02
  -1.5609349766569902e-01
  -1.0394333560891333e-01
   6.1024468167967492e-02
   1.5149682547355994e-01
   6.3213652211225019e-02
   5.8766288541948819e-02
   1.3132891771123961e-01
   1.7927276181212742e-01
   1.5271891778210964e-01
   4.4804290538522945e-02
  -8.6189796764316623e-02
  -1.5066141141725428e-01
  -9.8902193902901933e-02
   3.0127224596573049e-02
   1.8104998735067414e-02
   5.1902000376428475e-02
   9.9811258777794259e-02
   1.4570191636763091e-01
   1.6497461909557873e-01
   1.3730026284523450e-01
   6.1452272166033460e-02
  -3.7710050221237391e-02
  -1.1727565329613393e-01
   3.3180089159507201e-03
   1.1302931970363314e-02
   2.6873665366598094e-02
   5.1253318137271249e-02
   8.2635747525777695e-02
   1.1527077728880551e-01
   1.4002788817741540e-01
   1.4675513478621383e-01
   1.2795474968272127e-01
   2.8247118057642443e-04
   1.0838061921382453e-03
   2.9603103666033638e-03
   6.6376627368309416e-03
   1.2937673502677308e-02
   2.2597022356654943e-02
   3.6016888720844492e-02
   5.2991639732399703e-02
   7.2487648233042559e-02
   6.1408018961774769e-06
   2.5446859935164506e-05
   7.5848046044669037e-05
   1.8764993462029009e-04
   4.0841121491759920e-04
   8.0696872757053586e-04
   1.4761417646084614e-03
   2.5331552801188613e-03
   4.1168596615482602e-03
   3.8645399992938930e-09
   1.6686381888837597e-08
   5.2076563289282352e-08
   1.3557380505572495e-07
   3.1207951103182731e-07
   6.5559212203459783e-07
   1.2818880780330264e-06
   2.3645030550837666e-06
   4.1542901607917218e-06
  -5.4382279469716621e-10
   2.4686221774089385e-09
  -8.0850201783901918e-09
   2.2049151007385088e-08
  -5.3079018984441683e-08
   1.1642263396817847e-07
  -2.3732687559939613e-07
   4.5574212216781157e-07
  -1.9569935853236733e-06
   8.5257258046703126e-06
  -2.6680873172198166e-05
   6.9217227488376794e-05
  -1.5778613979873819e-04
   3.2619787289359239e-04
  -6.2375008711744603e-04
   1.1180646039600959e-03
  -1.3771418210500918e-04
   5.5550631060185813e-04
  -1.5947290340259876e-03
   3.7578759128970409e-03
  -7.6992731776891468e-03
   1.4143582124234080e-02
  -2.3734513857312893e-02
   3.6826513889505710e-02
  -2.1267895606286408e-03
   7.6167715817218639e-03
  -1.9072079105900211e-02
   3.8407609623468196e-02
  -6.5647137298574271e-02
   9.7684544093974784e-02
  -1.2788737228545516e-01
   1.4712314804055263e-01
  -1.4012317917667744e-02
   4.2230714256559040e-02
  -8.5886517896359163e-02
   1.3393110129093183e-01
  -1.6521424317040037e-01
   1.5733938422910643e-01
  -1.0034739435855988e-01
   7.3134315544702627e-03
  -5.1837766200431352e-02
   1.2178988700661024e-01
  -1.7766726830225324e-01
   1.6930178894101605e-01
  -7.7521127560192707e-02
  -5.5801353054774017e-02
   1.4571355943980049e-01
  -1.2662700554698667e-01
  -1.2331236158957594e-01
   1.9847693591909343e-01
  -1.4873463266520501e-01
  -1.4733298985868861e-02
   1.5068313238029371e-01
  -1.2421793155618854e-01
  -3.5275759023190842e-02
   1.5015635834496988e-01
  -2.0259414431627498e-01
   1.6570524985388149e-01
   5.0851489463215223e-02
  -1.7148426606404235e-01
   3.8150840421067943e-02
   1.4379651872238300e-01
  -1.0065962639661642e-01
  -9.5706905596604441e-02
  -2.3819587666152311e-01
   1.7553472994571128e-16
   1.8062096640109948e-01
  -2.4036082804210908e-16
  -1.6558273980166580e-01
   2.9593768365561324e-16
   1.5855564304045053e-01
  -3.4801344249344105e-16
  -2.0259414431627534e-01
  -1.6570524985388163e-01
   5.0851489463215466e-02
   1.7148426606404260e-01
   3.8150840421067776e-02
  -1.4379651872238342e-01
  -1.0065962639661644e-01
   9.5706905596604802e-02
  -1.2331236158957594e-01
  -1.9847693591909335e-01
  -1.4873463266520492e-01
   1.4733298985868924e-02
   1.5068313238029371e-01
   1.2421793155618828e-01
  -3.5275759023190988e-02
  -1.5015635834496982e-01
  -5.1837766200431408e-02
  -1.2178988700661036e-01
  -1.7766726830225343e-01
  -1.6930178894101625e-01
  -7.7521127560192790e-02
   5.5801353054774072e-02
   1.4571355943980066e-01
   1.2662700554698680e-01
  -1.4012317917667771e-02
  -4.2230714256559117e-02
  -8.5886517896359260e-02
  -1.3393110129093203e-01
  -1.6521424317040045e-01
  -1.5733938422910632e-01
  -1.0034739435855967e-01
  -7.3134315544699036e-03
  -2.1267895606286217e-03
  -7.6167715817217988e-03
  -1.9072079105900058e-02
  -3.8407609623467918e-02
  -6.5647137298573896e-02
  -9.7684544093974271e-02
  -1.2788737228545460e-01
  -1.4712314804055235e-01
  -1.3771418210501096e-04
  -5.5550631060186529e-04
  -1.5947290340260071e-03
  -3.7578759128970855e-03
  -7.6992731776892361e-03
  -1.4143582124234229e-02
  -2.3734513857313160e-02
  -3.6826513889506092e-02
  -1.9569935853236174e-06
  -8.5257258046700738e-06
  -2.6680873172197431e-05
  -6.9217227488374910e-05
  -1.5778613979873401e-04
  -3.2619787289358393e-04
  -6.2375008711743052e-04
  -1.1180646039600690e-03
  -5.4382279469711389e-10
  -2.4686221774087019e-09
  -8.0850201783894159e-09
  -2.2049151007382964e-08
  -5.3079018984436634e-08
  -1.1642263396816744e-07
  -2.3732687559937363e-07
  -4.5574212216776885e-07
   7.6325755116380443e-11
  -3.6259565793108813e-10
   1.2408949459661942e-09
  -3.5308689738541314e-09
   8.8557656827509977e-09
  -2.0209889154636143e-08
   4.2809485059877092e-08
   6.2202496961685045e-07
  -2.8359857768961610e-06
   9.2775245982199255e-06
  -2.5132479572377384e-05
   5.9764598961248918e-05
  -1.2877043589374130e-04
   2.5642195152402548e-04
   6.6963368303646508e-05
  -2.8268443173514211e-04
   8.4904308224215033e-04
  -2.0929526045885632e-03
   4.4861882145010518e-03
  -8.6248261835780125e-03
   1.5157565982139201e-02
   1.3596451965688058e-03
  -5.0959631076568637e-03
   1.3372083098422763e-02
  -2.8277044827430570e-02
   5.0902559444986437e-02
  -8.0131474839195305e-02
   1.1176110615166418e-01
   1.0816221371908274e-02
  -3.4115228341289369e-02
   7.2955147771673001e-02
  -1.2055266085320912e-01
   1.5981310043187294e-01
  -1.6866556239277494e-01
   1.3145743139639451e-01
   4.5605623293942264e-02
  -1.1213407766781429e-01
   1.7344976566226603e-01
  -1.8111632997125141e-01
   1.0681380211707353e-01
   2.3212359717728649e-02
  -1.3247025406271232e-01
   1.1830714577846366e-01
  -1.9928227805676127e-01
   1.6385148685895928e-01
  -7.5792726315777898e-03
  -1.4200997053118247e-01
   1.4088061595330828e-01
   8.8902517229060753e-03
   2.0426378823802566e-01
  -1.7484573053508856e-01
  -4.1155792462506696e-02
   1.7425279018661122e-01
  -5.1243539011584759e-02
  -1.3910055059524157e-01
   1.1250923795274660e-01
   2.4407814208052123e-01
  -1.8824002664067190e-16
  -1.8398082200185084e-01
   2.5540426591102350e-16
   1.6799272637009463e-01
  -3.1228167608207297e-16
  -1.6041358940439812e-01
   2.0426378823802607e-01
   1.7484573053508878e-01
  -4.1155792462506946e-02
  -1.7425279018661158e-01
  -5.1243539011584661e-02
   1.3910055059524201e-01
   1.1250923795274664e-01
   1.1830714577846366e-01
   1.9928227805676119e-01
   1.6385148685895920e-01
   7.5792726315775955e-03
  -1.4200997053118242e-01
  -1.4088061595330806e-01
   8.8902517229063373e-03
   4.5605623293942313e-02
   1.1213407766781441e-01
   1.7344976566226622e-01
   1.8111632997125160e-01
   1.0681380211707366e-01
  -2.3212359717728673e-02
  -1.3247025406271246e-01
   1.0816221371908297e-02
   3.4115228341289425e-02
   7.2955147771673098e-02
   1.2055266085320925e-01
   1.5981310043187305e-01
   1.6866556239277494e-01
   1.3145743139639421e-01
   1.3596451965687923e-03
   5.0959631076568151e-03
   1.3372083098422647e-02
   2.8277044827430358e-02
   5.0902559444986062e-02
   8.0131474839194791e-02
   1.1176110615166361e-01
   6.6963368303647443e-05
   2.8268443173514590e-04
   8.4904308224216128e-04
   2.0929526045885900e-03
   4.4861882145011047e-03
   8.6248261835781184e-03
   1.5157565982139382e-02
   6.2202496961682970e-07
   2.8359857768960682e-06
   9.2775245982196274e-06
   2.5132479572376584e-05
   5.9764598961247061e-05
   1.2877043589373739e-04
   2.5642195152401784e-04
   7.6325755116372171e-11
   3.6259565793104895e-10
   1.2408949459660597e-09
   3.5308689738537513e-09
   8.8557656827500481e-09
   2.0209889154633969e-08
   4.2809485059872546e-08
  -1.0689139376641313e-11
   5.2941996593592590e-11
  -1.8864455836673982e-10
   5.5816847856442908e-10
  -1.4539535521599841e-09
   3.4420837865190001e-09
  -1.9728050153157357e-07
   9.3774871864166404e-07
  -3.1951449452862815e-06
   9.0066227522352793e-06
  -2.2266911975154394e-05
   4.9839684684454595e-05
  -3.2490309065435492e-05
   1.4299621078043580e-04
  -4.4764800656418521e-04
   1.1499641824659357e-03
  -2.5687714847178332e-03
   5.1477007129784392e-03
  -8.6733044971627012e-04
   3.3891544622968776e-03
  -9.2820209389165784e-03
   2.0518301279785940e-02
  -3.8699533665026944e-02
   6.4044630959319185e-02
  -8.3310373272113911e-03
   2.7395414882323190e-02
  -6.1316125490390234e-02
   1.0669218845926479e-01
  -1.5050853324845337e-01
   1.7258967963693977e-01
  -4.0035793516129160e-02
   1.0262986240233782e-01
  -1.6728825214852491e-01
   1.8869339782557498e-01
  -1.3220752501312433e-01
   9.9167691933400113e-03
  -1.1325914185943439e-01
   1.9890104061280944e-01
  -1.7703200578260470e-01
   2.9528967733174937e-02
   1.3059521039752017e-01
  -1.5391512161038781e-01
  -2.0550093560688121e-01
   1.8339333144212552e-01
   3.1377669251743963e-02
  -1.7611203339820025e-01
   6.3865208009279709e-02
   1.3351223424334233e-01
  -2.4956372907663740e-01
   2.0066454263295221e-16
   1.8717279680747789e-01
  -2.7015290825667876e-16
  -1.7031608151623015e-01
   3.2833549326714263e-16
  -2.0550093560688165e-01
  -1.8339333144212580e-01
   3.1377669251744233e-02
   1.7611203339820067e-01
   6.3865208009279598e-02
  -1.3351223424334274e-01
  -1.1325914185943439e-01
  -1.9890104061280942e-01
  -1.7703200578260445e-01
  -2.9528967733174719e-02
   1.3059521039752017e-01
   1.5391512161038756e-01
  -4.0035793516129202e-02
  -1.0262986240233793e-01
  -1.6728825214852511e-01
  -1.8869339782557518e-01
  -1.3220752501312447e-01
  -9.9167691933400217e-03
  -8.3310373272114067e-03
  -2.7395414882323239e-02
  -6.1316125490390325e-02
  -1.0669218845926493e-01
  -1.5050853324845345e-01
  -1.7258967963693966e-01
  -8.6733044971626079e-04
  -3.3891544622968429e-03
  -9.2820209389164882e-03
  -2.0518301279785753e-02
  -3.8699533665026632e-02
  -6.4044630959318713e-02
  -3.2490309065435959e-05
  -1.4299621078043783e-04
  -4.4764800656419128e-04
  -1.1499641824659504e-03
  -2.5687714847178666e-03
  -5.1477007129785068e-03
  -1.9728050153156611e-07
  -9.3774871864162888e-07
  -3.1951449452861637e-06
  -9.0066227522349524e-06
  -2.2266911975153598e-05
  -4.9839684684452833e-05
  -1.0689139376640028e-11
  -5.2941996593586225e-11
  -1.8864455836671718e-10
  -5.5816847856436239e-10
  -1.4539535521598104e-09
  -3.4420837865185915e-09
   1.4942600177515996e-12
  -7.6912270054288417e-12
   2.8448051243601823e-11
  -8.7277750588061621e-11
   2.3548089057090774e-10
   6.2455733590428880e-08
  -3.0852226258699909e-07
   1.0915049447880153e-06
  -3.1920907345967804e-06
   8.1812280877112024e-06
   1.5735559890506425e-05
  -7.1972197783233850e-05
   2.3408440607186224e-04
  -6.2466184948958413e-04
   1.4494278931388061e-03
   5.5227502040117518e-04
  -2.2427147893343291e-03
   6.3888377188631917e-03
  -1.4708521998534153e-02
   2.8944584048958298e-02
   6.4052251362661005e-03
  -2.1888957528285711e-02
   5.1078218022727807e-02
  -9.3120902137338341e-02
   1.3875385185385039e-01
   3.5082480435949338e-02
  -9.3460365553888050e-02
   1.5973618360860856e-01
  -1.9259338167877330e-01
   1.5350950519883561e-01
   1.0822992623952808e-01
  -1.9752543584130791e-01
   1.8838818709773894e-01
  -5.0854602131981487e-02
  -1.1691872709639313e-01
   2.0637069694334295e-01
  -1.9139458433280354e-01
  -2.1556351994305226e-02
   1.7713676166477454e-01
  -7.5996038977252517e-02
   2.5470991439330964e-01
  -2.1283688825918629e-16
  -1.9021430597219532e-01
   2.8463395228846658e-16
   1.7255782024394145e-01
   2.0637069694334340e-01
   1.9139458433280382e-01
  -2.1556351994305487e-02
  -1.7713676166477496e-01
  -7.5996038977252447e-02
   1.0822992623952808e-01
   1.9752543584130780e-01
   1.8838818709773872e-01
   5.0854602131981272e-02
  -1.1691872709639321e-01
   3.5082480435949380e-02
   9.3460365553888147e-02
   1.5973618360860872e-01
   1.9259338167877349e-01
   1.5350950519883577e-01
   6.4052251362661135e-03
   2.1888957528285759e-02
   5.1078218022727905e-02
   9.3120902137338465e-02
   1.3875385185385045e-01
   5.5227502040116857e-04
   2.2427147893343048e-03
   6.3888377188631223e-03
   1.4708521998534013e-02
   2.8944584048958031e-02
   1.5735559890506659e-05
   7.1972197783234921e-05
   2.3408440607186555e-04
   6.2466184948959302e-04
   1.4494278931388271e-03
   6.2455733590426206e-08
   3.0852226258698612e-07
   1.0915049447879700e-06
   3.1920907345966487e-06
   8.1812280877108686e-06
   1.4942600177514017e-12
   7.6912270054278255e-12
   2.8448051243598068e-11
   8.7277750588050118e-11
   2.3548089057087692e-10
  -2.0856452317793125e-13
   1.1125691345235692e-12
  -4.2605316836322735e-12
   1.3519852892695391e-11
  -1.9742006427920758e-08
   1.0107007771908247e-07
  -3.7029376030612273e-07
   1.1206381588350178e-06
  -7.6092417571290833e-06
   3.6069578216407171e-05
  -1.2155039594818177e-04
   3.3601970093275407e-04
  -3.5112118355114442e-04
   1.4777221911107172e-03
  -4.3659268033671064e-03
   1.0435456234953167e-02
  -4.9170037881659297e-03
   1.7414392913583536e-02
  -4.2230037741753663e-02
   8.0333676828607758e-02
  -3.0694669905677020e-02
   8.4745621263950729e-02
  -1.5124625226084268e-01
   1.9337120800924959e-01
  -1.0326479395013703e-01
   1.9531925808081516e-01
  -1.9803685115727324e-01
   7.1354309655943957e-02
  -2.0692505667919245e-01
   1.9888948066727358e-01
   1.1725148849871147e-02
  -1.7739371495105893e-01
  -2.5956196779283236e-01
   2.2478080683119409e-16
   1.9312028398583558e-01
  -2.9887033442760317e-16
  -2.0692505667919295e-01
  -1.9888948066727388e-01
   1.1725148849871379e-02
   1.7739371495105935e-01
  -1.0326479395013703e-01
  -1.9531925808081510e-01
  -1.9803685115727301e-01
  -7.1354309655943693e-02
  -3.0694669905677052e-02
  -8.4745621263950813e-02
  -1.5124625226084285e-01
  -1.9337120800924981e-01
  -4.9170037881659419e-03
  -1.7414392913583574e-02
  -4.2230037741753733e-02
  -8.0333676828607856e-02
  -3.5112118355114003e-04
  -1.4777221911106992e-03
  -4.3659268033670560e-03
  -1.0435456234953054e-02
  -7.6092417571292044e-06
  -3.6069578216407727e-05
  -1.2155039594818368e-04
  -3.3601970093275922e-04
  -1.9742006427919835e-08
  -1.0107007771907777e-07
  -3.7029376030610547e-07
  -1.1206381588349664e-06
  -2.0856452317790123e-13
  -1.1125691345234092e-12
  -4.2605316836316612e-12
  -1.3519852892693452e-11
   2.9072305445815140e-14
  -1.6034221963659572e-13
   6.3427902897879271e-13
   6.2321089816613363e-09
  -3.2987408450656303e-08
   1.2487007353985174e-07
   3.6747291966559366e-06
  -1.8009716204024204e-05
   6.2733804704645621e-05
   2.2293765996920703e-04
  -9.7006547855666976e-04
   2.9650662391781904e-03
   3.7695669549680441e-03
  -1.3803242115030572e-02
   3.4688946468222175e-02
   2.6820101559493183e-02
  -7.6559055429224254e-02
   1.4218394498003206e-01
   9.8397027365109635e-02
  -1.9242283523965614e-01
   2.0609644705559887e-01
   2.0720627815992121e-01
  -2.0591286861153579e-01
  -1.9124488177863744e-03
   2.6415634160001694e-01
  -2.3651628943525228e-16
  -1.9590358609307698e-01
   2.0720627815992174e-01
   2.0591286861153615e-01
  -1.9124488177865980e-03
   9.8397027365109635e-02
   1.9242283523965609e-01
   2.0609644705559874e-01
   2.6820101559493211e-02
   7.6559055429224337e-02
   1.4218394498003220e-01
   3.7695669549680532e-03
   1.3803242115030603e-02
   3.4688946468222251e-02
   2.2293765996920403e-04
   9.7006547855665718e-04
   2.9650662391781536e-03
   3.6747291966559976e-06
   1.8009716204024503e-05
   6.2733804704646624e-05
   6.2321089816610137e-09
   3.2987408450654609e-08
   1.2487007353984539e-07
   2.9072305445810602e-14
   1.6034221963657073e-13
   6.3427902897869416e-13
  -4.0477971951323816e-15
   2.3033677748769001e-14
  -1.9650745265594868e-09
   1.0731694660036610e-08
  -1.7725950560494725e-06
   8.9632845954377978e-06
  -1.4138719585138514e-04
   6.3475161658701356e-04
  -2.8865734760637604e-03
   1.0905570354475286e-02
  -2.3407665631364118e-02
   6.8939856747260719e-02
  -9.3650890243379636e-02
   1.8895686036569140e-01
  -2.0724925279444356e-01
   2.1249546960843899e-01
  -2.6852285793656683e-01
   2.4806037709606502e-16
  -2.0724925279444403e-01
  -2.1249546960843935e-01
  -9.3650890243379636e-02
  -1.8895686036569131e-01
  -2.3407665631364143e-02
  -6.8939856747260789e-02
  -2.8865734760637682e-03
  -1.0905570354475312e-02
  -1.4138719585138305e-04
  -6.3475161658700478e-04
  -1.7725950560495030e-06
  -8.9632845954379520e-06
  -1.9650745265593756e-09
  -1.0731694660036011e-08
  -4.0477971951317016e-15
  -2.3033677748765136e-14
   5.6301475758510171e-16
   6.1899162596643518e-10
   8.5419197822619743e-07
   8.9577406682339619e-05
   2.2081853941866704e-03
   2.0408803930449321e-02
   8.9043783112613947e-02
   2.0708316696311205e-01
   2.7268625129990931e-01
   2.0708316696311260e-01
   8.9043783112613947e-02
   2.0408803930449342e-02
   2.2081853941866760e-03
   8.9577406682338264e-05
   8.5419197822621288e-07
   6.1899162596639723e-10
   5.6301475758500053e-16
