   1.5839281135298734e-02
   1.5839281135298734e-02
   1.5839281135298734e-02
   1.5839281135298734e-02
   1.5839281135298734e-02
   1.5839281135298734e-02
   1.5839281135298734e-02
   1.5839281135298734e-02
   1.5839281135298734e-02
   1.5839281135298734e-02
   1.5839281135298734e-02
   1.5839281135298734e-02
   1.5839281135298734e-02
   1.5839281135298734e-02
   1.5839281135298734e-02
   1.5839281135298734e-02
   1.5839281135298734e-02
   1.5839281135298734e-02
   1.5839281135298734e-02
   1.5839281135298734e-02
   1.5839281135298734e-02
   1.5839281135298734e-02
   1.5839281135298734e-02
   1.5839281135298734e-02
   1.5839281135298734e-02
   1.5839281135298734e-02
   1.5839281135298734e-02
   1.5839281135298734e-02
   1.5839281135298734e-02
   1.5839281135298734e-02
   1.5839281135298734e-02
   1.5839281135298734e-02
   1.5839281135298734e-02
   1.5839281135298734e-02
   1.5839281135298734e-02
   1.5839281135298734e-02
   1.5839281135298734e-02
   1.5839281135298734e-02
   1.5839281135298734e-02
   1.5839281135298734e-02
   1.5839281135298734e-02
   1.5839281135298734e-02
   1.5839281135298734e-02
   1.5839281135298734e-02
   1.5839281135298734e-02
   1.5839281135298734e-02
   1.5839281135298734e-02
   1.5839281135298734e-02
   1.6062793430937108e-02
   1.6062793430937108e-02
   1.6062793430937108e-02
   1.6062793430937108e-02
   1.6062793430937108e-02
   1.6062793430937108e-02
   1.6062793430937108e-02
   1.6062793430937108e-02
   1.6062793430937108e-02
   1.6062793430937108e-02
   1.6062793430937108e-02
   1.6062793430937108e-02
   1.6062793430937108e-02
   1.6062793430937108e-02
   1.6062793430937108e-02
   1.6062793430937108e-02
   1.6062793430937108e-02
   1.6062793430937108e-02
   1.6062793430937108e-02
   1.6062793430937108e-02
   1.6062793430937108e-02
   1.6062793430937108e-02
   1.6062793430937108e-02
   1.6062793430937108e-02
   1.6062793430937108e-02
   1.6062793430937108e-02
   1.6062793430937108e-02
   1.6062793430937108e-02
   1.6062793430937108e-02
   1.6062793430937108e-02
   1.6062793430937108e-02
   1.6062793430937108e-02
   1.6062793430937108e-02
   1.6062793430937108e-02
   1.6062793430937108e-02
   1.6062793430937108e-02
   1.6062793430937108e-02
   1.6062793430937108e-02
   1.6062793430937108e-02
   1.6062793430937108e-02
   1.6062793430937108e-02
   1.6062793430937108e-02
   1.6062793430937108e-02
   1.6062793430937108e-02
   1.6062793430937108e-02
   1.6062793430937108e-02
   1.6062793430937108e-02
   1.6062793430937108e-02
   1.6099399796422113e-02
   1.6099399796422113e-02
   1.6099399796422113e-02
   1.6099399796422113e-02
   1.6099399796422113e-02
   1.6099399796422113e-02
   1.6099399796422113e-02
   1.6099399796422113e-02
   1.6099399796422113e-02
   1.6099399796422113e-02
   1.6099399796422113e-02
   1.6099399796422113e-02
   1.6099399796422113e-02
   1.6099399796422113e-02
   1.6099399796422113e-02
   1.6099399796422113e-02
   1.6099399796422113e-02
   1.6099399796422113e-02
   1.6099399796422113e-02
   1.6099399796422113e-02
   1.6099399796422113e-02
   1.6099399796422113e-02
   1.6099399796422113e-02
   1.6099399796422113e-02
   1.6099399796422113e-02
   1.6099399796422113e-02
   1.6099399796422113e-02
   1.6099399796422113e-02
   1.6099399796422113e-02
   1.6099399796422113e-02
   1.6099399796422113e-02
   1.6099399796422113e-02
   1.6099399796422113e-02
   1.6099399796422113e-02
   1.6099399796422113e-02
   1.6099399796422113e-02
   1.6099399796422113e-02
   1.6099399796422113e-02
   1.6099399796422113e-02
   1.6099399796422113e-02
   1.6099399796422113e-02
   1.6099399796422113e-02
   1.6099399796422113e-02
   1.6099399796422113e-02
   1.6099399796422113e-02
   1.6099399796422113e-02
   1.6099399796422113e-02
   1.6099399796422113e-02
   1.6111398291208626e-02
   1.6111398291208626e-02
   1.6111398291208626e-02
   1.6111398291208626e-02
   1.6111398291208626e-02
   1.6111398291208626e-02
   1.6111398291208626e-02
   1.6111398291208626e-02
   1.6111398291208626e-02
   1.6111398291208626e-02
   1.6111398291208626e-02
   1.6111398291208626e-02
   1.6111398291208626e-02
   1.6111398291208626e-02
   1.6111398291208626e-02
   1.6111398291208626e-02
   1.6111398291208626e-02
   1.6111398291208626e-02
   1.6111398291208626e-02
   1.6111398291208626e-02
   1.6111398291208626e-02
   1.6111398291208626e-02
   1.6111398291208626e-02
   1.6111398291208626e-02
   1.6111398291208626e-02
   1.6111398291208626e-02
   1.6111398291208626e-02
   1.6111398291208626e-02
   1.6111398291208626e-02
   1.6111398291208626e-02
   1.6111398291208626e-02
   1.6111398291208626e-02
   1.6111398291208626e-02
   1.6111398291208626e-02
   1.6111398291208626e-02
   1.6111398291208626e-02
   1.6111398291208626e-02
   1.6111398291208626e-02
   1.6111398291208626e-02
   1.6111398291208626e-02
   1.6111398291208626e-02
   1.6111398291208626e-02
   1.6111398291208626e-02
   1.6111398291208626e-02
   1.6111398291208626e-02
   1.6111398291208626e-02
   1.6111398291208626e-02
   1.6111398291208626e-02
   1.6116721799556089e-02
   1.6116721799556089e-02
   1.6116721799556089e-02
   1.6116721799556089e-02
   1.6116721799556089e-02
   1.6116721799556089e-02
   1.6116721799556089e-02
   1.6116721799556089e-02
   1.6116721799556089e-02
   1.6116721799556089e-02
   1.6116721799556089e-02
   1.6116721799556089e-02
   1.6116721799556089e-02
   1.6116721799556089e-02
   1.6116721799556089e-02
   1.6116721799556089e-02
   1.6116721799556089e-02
   1.6116721799556089e-02
   1.6116721799556089e-02
   1.6116721799556089e-02
   1.6116721799556089e-02
   1.6116721799556089e-02
   1.6116721799556089e-02
   1.6116721799556089e-02
   1.6116721799556089e-02
   1.6116721799556089e-02
   1.6116721799556089e-02
   1.6116721799556089e-02
   1.6116721799556089e-02
   1.6116721799556089e-02
   1.6116721799556089e-02
   1.6116721799556089e-02
   1.6116721799556089e-02
   1.6116721799556089e-02
   1.6116721799556089e-02
   1.6116721799556089e-02
   1.6116721799556089e-02
   1.6116721799556089e-02
   1.6116721799556089e-02
   1.6116721799556089e-02
   1.6116721799556089e-02
   1.6116721799556089e-02
   1.6116721799556089e-02
   1.6116721799556089e-02
   1.6116721799556089e-02
   1.6116721799556089e-02
   1.6116721799556089e-02
   1.6116721799556089e-02
   1.6119517878861324e-02
   1.6119517878861324e-02
   1.6119517878861324e-02
   1.6119517878861324e-02
   1.6119517878861324e-02
   1.6119517878861324e-02
   1.6119517878861324e-02
   1.6119517878861324e-02
   1.6119517878861324e-02
   1.6119517878861324e-02
   1.6119517878861324e-02
   1.6119517878861324e-02
   1.6119517878861324e-02
   1.6119517878861324e-02
   1.6119517878861324e-02
   1.6119517878861324e-02
   1.6119517878861324e-02
   1.6119517878861324e-02
   1.6119517878861324e-02
   1.6119517878861324e-02
   1.6119517878861324e-02
   1.6119517878861324e-02
   1.6119517878861324e-02
   1.6119517878861324e-02
   1.6119517878861324e-02
   1.6119517878861324e-02
   1.6119517878861324e-02
   1.6119517878861324e-02
   1.6119517878861324e-02
   1.6119517878861324e-02
   1.6119517878861324e-02
   1.6119517878861324e-02
   1.6119517878861324e-02
   1.6119517878861324e-02
   1.6119517878861324e-02
   1.6119517878861324e-02
   1.6119517878861324e-02
   1.6119517878861324e-02
   1.6119517878861324e-02
   1.6119517878861324e-02
   1.6119517878861324e-02
   1.6119517878861324e-02
   1.6119517878861324e-02
   1.6119517878861324e-02
   1.6119517878861324e-02
   1.6119517878861324e-02
   1.6119517878861324e-02
   1.6119517878861324e-02
   1.6121147946038042e-02
   1.6121147946038042e-02
   1.6121147946038042e-02
   1.6121147946038042e-02
   1.6121147946038042e-02
   1.6121147946038042e-02
   1.6121147946038042e-02
   1.6121147946038042e-02
   1.6121147946038042e-02
   1.6121147946038042e-02
   1.6121147946038042e-02
   1.6121147946038042e-02
   1.6121147946038042e-02
   1.6121147946038042e-02
   1.6121147946038042e-02
   1.6121147946038042e-02
   1.6121147946038042e-02
   1.6121147946038042e-02
   1.6121147946038042e-02
   1.6121147946038042e-02
   1.6121147946038042e-02
   1.6121147946038042e-02
   1.6121147946038042e-02
   1.6121147946038042e-02
   1.6121147946038042e-02
   1.6121147946038042e-02
   1.6121147946038042e-02
   1.6121147946038042e-02
   1.6121147946038042e-02
   1.6121147946038042e-02
   1.6121147946038042e-02
   1.6121147946038042e-02
   1.6121147946038042e-02
   1.6121147946038042e-02
   1.6121147946038042e-02
   1.6121147946038042e-02
   1.6121147946038042e-02
   1.6121147946038042e-02
   1.6121147946038042e-02
   1.6121147946038042e-02
   1.6121147946038042e-02
   1.6121147946038042e-02
   1.6121147946038042e-02
   1.6121147946038042e-02
   1.6121147946038042e-02
   1.6121147946038042e-02
   1.6121147946038042e-02
   1.6121147946038042e-02
   1.6122162760599426e-02
   1.6122162760599426e-02
   1.6122162760599426e-02
   1.6122162760599426e-02
   1.6122162760599426e-02
   1.6122162760599426e-02
   1.6122162760599426e-02
   1.6122162760599426e-02
   1.6122162760599426e-02
   1.6122162760599426e-02
   1.6122162760599426e-02
   1.6122162760599426e-02
   1.6122162760599426e-02
   1.6122162760599426e-02
   1.6122162760599426e-02
   1.6122162760599426e-02
   1.6122162760599426e-02
   1.6122162760599426e-02
   1.6122162760599426e-02
   1.6122162760599426e-02
   1.6122162760599426e-02
   1.6122162760599426e-02
   1.6122162760599426e-02
   1.6122162760599426e-02
   1.6122162760599426e-02
   1.6122162760599426e-02
   1.6122162760599426e-02
   1.6122162760599426e-02
   1.6122162760599426e-02
   1.6122162760599426e-02
   1.6122162760599426e-02
   1.6122162760599426e-02
   1.6122162760599426e-02
   1.6122162760599426e-02
   1.6122162760599426e-02
   1.6122162760599426e-02
   1.6122162760599426e-02
   1.6122162760599426e-02
   1.6122162760599426e-02
   1.6122162760599426e-02
   1.6122162760599426e-02
   1.6122162760599426e-02
   1.6122162760599426e-02
   1.6122162760599426e-02
   1.6122162760599426e-02
   1.6122162760599426e-02
   1.6122162760599426e-02
   1.6122162760599426e-02
   1.6122818128700110e-02
   1.6122818128700110e-02
   1.6122818128700110e-02
   1.6122818128700110e-02
   1.6122818128700110e-02
   1.6122818128700110e-02
   1.6122818128700110e-02
   1.6122818128700110e-02
   1.6122818128700110e-02
   1.6122818128700110e-02
   1.6122818128700110e-02
   1.6122818128700110e-02
   1.6122818128700110e-02
   1.6122818128700110e-02
   1.6122818128700110e-02
   1.6122818128700110e-02
   1.6122818128700110e-02
   1.6122818128700110e-02
   1.6122818128700110e-02
   1.6122818128700110e-02
   1.6122818128700110e-02
   1.6122818128700110e-02
   1.6122818128700110e-02
   1.6122818128700110e-02
   1.6122818128700110e-02
   1.6122818128700110e-02
   1.6122818128700110e-02
   1.6122818128700110e-02
   1.6122818128700110e-02
   1.6122818128700110e-02
   1.6122818128700110e-02
   1.6122818128700110e-02
   1.6122818128700110e-02
   1.6122818128700110e-02
   1.6122818128700110e-02
   1.6122818128700110e-02
   1.6122818128700110e-02
   1.6122818128700110e-02
   1.6122818128700110e-02
   1.6122818128700110e-02
   1.6122818128700110e-02
   1.6122818128700110e-02
   1.6122818128700110e-02
   1.6122818128700110e-02
   1.6122818128700110e-02
   1.6122818128700110e-02
   1.6122818128700110e-02
   1.6122818128700110e-02
   1.6123244532620568e-02
   1.6123244532620568e-02
   1.6123244532620568e-02
   1.6123244532620568e-02
   1.6123244532620568e-02
   1.6123244532620568e-02
   1.6123244532620568e-02
   1.6123244532620568e-02
   1.6123244532620568e-02
   1.6123244532620568e-02
   1.6123244532620568e-02
   1.6123244532620568e-02
   1.6123244532620568e-02
   1.6123244532620568e-02
   1.6123244532620568e-02
   1.6123244532620568e-02
   1.6123244532620568e-02
   1.6123244532620568e-02
   1.6123244532620568e-02
   1.6123244532620568e-02
   1.6123244532620568e-02
   1.6123244532620568e-02
   1.6123244532620568e-02
   1.6123244532620568e-02
   1.6123244532620568e-02
   1.6123244532620568e-02
   1.6123244532620568e-02
   1.6123244532620568e-02
   1.6123244532620568e-02
   1.6123244532620568e-02
   1.6123244532620568e-02
   1.6123244532620568e-02
   1.6123244532620568e-02
   1.6123244532620568e-02
   1.6123244532620568e-02
   1.6123244532620568e-02
   1.6123244532620568e-02
   1.6123244532620568e-02
   1.6123244532620568e-02
   1.6123244532620568e-02
   1.6123244532620568e-02
   1.6123244532620568e-02
   1.6123244532620568e-02
   1.6123244532620568e-02
   1.6123244532620568e-02
   1.6123244532620568e-02
   1.6123244532620568e-02
   1.6123244532620568e-02
   1.6123512446377924e-02
   1.6123512446377924e-02
   1.6123512446377924e-02
   1.6123512446377924e-02
   1.6123512446377924e-02
   1.6123512446377924e-02
   1.6123512446377924e-02
   1.6123512446377924e-02
   1.6123512446377924e-02
   1.6123512446377924e-02
   1.6123512446377924e-02
   1.6123512446377924e-02
   1.6123512446377924e-02
   1.6123512446377924e-02
   1.6123512446377924e-02
   1.6123512446377924e-02
   1.6123512446377924e-02
   1.6123512446377924e-02
   1.6123512446377924e-02
   1.6123512446377924e-02
   1.6123512446377924e-02
   1.6123512446377924e-02
   1.6123512446377924e-02
   1.6123512446377924e-02
   1.6123512446377924e-02
   1.6123512446377924e-02
   1.6123512446377924e-02
   1.6123512446377924e-02
   1.6123512446377924e-02
   1.6123512446377924e-02
   1.6123512446377924e-02
   1.6123512446377924e-02
   1.6123512446377924e-02
   1.6123512446377924e-02
   1.6123512446377924e-02
   1.6123512446377924e-02
   1.6123512446377924e-02
   1.6123512446377924e-02
   1.6123512446377924e-02
   1.6123512446377924e-02
   1.6123512446377924e-02
   1.6123512446377924e-02
   1.6123512446377924e-02
   1.6123512446377924e-02
   1.6123512446377924e-02
   1.6123512446377924e-02
   1.6123512446377924e-02
   1.6123512446377924e-02
   1.6123660387015026e-02
   1.6123660387015026e-02
   1.6123660387015026e-02
   1.6123660387015026e-02
   1.6123660387015026e-02
   1.6123660387015026e-02
   1.6123660387015026e-02
   1.6123660387015026e-02
   1.6123660387015026e-02
   1.6123660387015026e-02
   1.6123660387015026e-02
   1.6123660387015026e-02
   1.6123660387015026e-02
   1.6123660387015026e-02
   1.6123660387015026e-02
   1.6123660387015026e-02
   1.6123660387015026e-02
   1.6123660387015026e-02
   1.6123660387015026e-02
   1.6123660387015026e-02
   1.6123660387015026e-02
   1.6123660387015026e-02
   1.6123660387015026e-02
   1.6123660387015026e-02
   1.6123660387015026e-02
   1.6123660387015026e-02
   1.6123660387015026e-02
   1.6123660387015026e-02
   1.6123660387015026e-02
   1.6123660387015026e-02
   1.6123660387015026e-02
   1.6123660387015026e-02
   1.6123660387015026e-02
   1.6123660387015026e-02
   1.6123660387015026e-02
   1.6123660387015026e-02
   1.6123660387015026e-02
   1.6123660387015026e-02
   1.6123660387015026e-02
   1.6123660387015026e-02
   1.6123660387015026e-02
   1.6123660387015026e-02
   1.6123660387015026e-02
   1.6123660387015026e-02
   1.6123660387015026e-02
   1.6123660387015026e-02
   1.6123660387015026e-02
   1.6123660387015026e-02
   1.6123707728584683e-02
   1.6123707728584683e-02
   1.6123707728584683e-02
   1.6123707728584683e-02
   1.6123707728584683e-02
   1.6123707728584683e-02
   1.6123707728584683e-02
   1.6123707728584683e-02
   1.6123707728584683e-02
   1.6123707728584683e-02
   1.6123707728584683e-02
   1.6123707728584683e-02
   1.6123707728584683e-02
   1.6123707728584683e-02
   1.6123707728584683e-02
   1.6123707728584683e-02
   1.6123707728584683e-02
   1.6123707728584683e-02
   1.6123707728584683e-02
   1.6123707728584683e-02
   1.6123707728584683e-02
   1.6123707728584683e-02
   1.6123707728584683e-02
   1.6123707728584683e-02
   1.6123707728584683e-02
   1.6123707728584683e-02
   1.6123707728584683e-02
   1.6123707728584683e-02
   1.6123707728584683e-02
   1.6123707728584683e-02
   1.6123707728584683e-02
   1.6123707728584683e-02
   1.6123707728584683e-02
   1.6123707728584683e-02
   1.6123707728584683e-02
   1.6123707728584683e-02
   1.6123707728584683e-02
   1.6123707728584683e-02
   1.6123707728584683e-02
   1.6123707728584683e-02
   1.6123707728584683e-02
   1.6123707728584683e-02
   1.6123707728584683e-02
   1.6123707728584683e-02
   1.6123707728584683e-02
   1.6123707728584683e-02
   1.6123707728584683e-02
   1.6123707728584683e-02
   1.6123660387015185e-02
   1.6123660387015185e-02
   1.6123660387015185e-02
   1.6123660387015185e-02
   1.6123660387015185e-02
   1.6123660387015185e-02
   1.6123660387015185e-02
   1.6123660387015185e-02
   1.6123660387015185e-02
   1.6123660387015185e-02
   1.6123660387015185e-02
   1.6123660387015185e-02
   1.6123660387015185e-02
   1.6123660387015185e-02
   1.6123660387015185e-02
   1.6123660387015185e-02
   1.6123660387015185e-02
   1.6123660387015185e-02
   1.6123660387015185e-02
   1.6123660387015185e-02
   1.6123660387015185e-02
   1.6123660387015185e-02
   1.6123660387015185e-02
   1.6123660387015185e-02
   1.6123660387015185e-02
   1.6123660387015185e-02
   1.6123660387015185e-02
   1.6123660387015185e-02
   1.6123660387015185e-02
   1.6123660387015185e-02
   1.6123660387015185e-02
   1.6123660387015185e-02
   1.6123660387015185e-02
   1.6123660387015185e-02
   1.6123660387015185e-02
   1.6123660387015185e-02
   1.6123660387015185e-02
   1.6123660387015185e-02
   1.6123660387015185e-02
   1.6123660387015185e-02
   1.6123660387015185e-02
   1.6123660387015185e-02
   1.6123660387015185e-02
   1.6123660387015185e-02
   1.6123660387015185e-02
   1.6123660387015185e-02
   1.6123660387015185e-02
   1.6123660387015185e-02
   1.6123512446377993e-02
   1.6123512446377993e-02
   1.6123512446377993e-02
   1.6123512446377993e-02
   1.6123512446377993e-02
   1.6123512446377993e-02
   1.6123512446377993e-02
   1.6123512446377993e-02
   1.6123512446377993e-02
   1.6123512446377993e-02
   1.6123512446377993e-02
   1.6123512446377993e-02
   1.6123512446377993e-02
   1.6123512446377993e-02
   1.6123512446377993e-02
   1.6123512446377993e-02
   1.6123512446377993e-02
   1.6123512446377993e-02
   1.6123512446377993e-02
   1.6123512446377993e-02
   1.6123512446377993e-02
   1.6123512446377993e-02
   1.6123512446377993e-02
   1.6123512446377993e-02
   1.6123512446377993e-02
   1.6123512446377993e-02
   1.6123512446377993e-02
   1.6123512446377993e-02
   1.6123512446377993e-02
   1.6123512446377993e-02
   1.6123512446377993e-02
   1.6123512446377993e-02
   1.6123512446377993e-02
   1.6123512446377993e-02
   1.6123512446377993e-02
   1.6123512446377993e-02
   1.6123512446377993e-02
   1.6123512446377993e-02
   1.6123512446377993e-02
   1.6123512446377993e-02
   1.6123512446377993e-02
   1.6123512446377993e-02
   1.6123512446377993e-02
   1.6123512446377993e-02
   1.6123512446377993e-02
   1.6123512446377993e-02
   1.6123512446377993e-02
   1.6123512446377993e-02
   1.6123244532620679e-02
   1.6123244532620679e-02
   1.6123244532620679e-02
   1.6123244532620679e-02
   1.6123244532620679e-02
   1.6123244532620679e-02
   1.6123244532620679e-02
   1.6123244532620679e-02
   1.6123244532620679e-02
   1.6123244532620679e-02
   1.6123244532620679e-02
   1.6123244532620679e-02
   1.6123244532620679e-02
   1.6123244532620679e-02
   1.6123244532620679e-02
   1.6123244532620679e-02
   1.6123244532620679e-02
   1.6123244532620679e-02
   1.6123244532620679e-02
   1.6123244532620679e-02
   1.6123244532620679e-02
   1.6123244532620679e-02
   1.6123244532620679e-02
   1.6123244532620679e-02
   1.6123244532620679e-02
   1.6123244532620679e-02
   1.6123244532620679e-02
   1.6123244532620679e-02
   1.6123244532620679e-02
   1.6123244532620679e-02
   1.6123244532620679e-02
   1.6123244532620679e-02
   1.6123244532620679e-02
   1.6123244532620679e-02
   1.6123244532620679e-02
   1.6123244532620679e-02
   1.6123244532620679e-02
   1.6123244532620679e-02
   1.6123244532620679e-02
   1.6123244532620679e-02
   1.6123244532620679e-02
   1.6123244532620679e-02
   1.6123244532620679e-02
   1.6123244532620679e-02
   1.6123244532620679e-02
   1.6123244532620679e-02
   1.6123244532620679e-02
   1.6123244532620679e-02
   1.6122818128700062e-02
   1.6122818128700062e-02
   1.6122818128700062e-02
   1.6122818128700062e-02
   1.6122818128700062e-02
   1.6122818128700062e-02
   1.6122818128700062e-02
   1.6122818128700062e-02
   1.6122818128700062e-02
   1.6122818128700062e-02
   1.6122818128700062e-02
   1.6122818128700062e-02
   1.6122818128700062e-02
   1.6122818128700062e-02
   1.6122818128700062e-02
   1.6122818128700062e-02
   1.6122818128700062e-02
   1.6122818128700062e-02
   1.6122818128700062e-02
   1.6122818128700062e-02
   1.6122818128700062e-02
   1.6122818128700062e-02
   1.6122818128700062e-02
   1.6122818128700062e-02
   1.6122818128700062e-02
   1.6122818128700062e-02
   1.6122818128700062e-02
   1.6122818128700062e-02
   1.6122818128700062e-02
   1.6122818128700062e-02
   1.6122818128700062e-02
   1.6122818128700062e-02
   1.6122818128700062e-02
   1.6122818128700062e-02
   1.6122818128700062e-02
   1.6122818128700062e-02
   1.6122818128700062e-02
   1.6122818128700062e-02
   1.6122818128700062e-02
   1.6122818128700062e-02
   1.6122818128700062e-02
   1.6122818128700062e-02
   1.6122818128700062e-02
   1.6122818128700062e-02
   1.6122818128700062e-02
   1.6122818128700062e-02
   1.6122818128700062e-02
   1.6122818128700062e-02
   1.6122162760599430e-02
   1.6122162760599430e-02
   1.6122162760599430e-02
   1.6122162760599430e-02
   1.6122162760599430e-02
   1.6122162760599430e-02
   1.6122162760599430e-02
   1.6122162760599430e-02
   1.6122162760599430e-02
   1.6122162760599430e-02
   1.6122162760599430e-02
   1.6122162760599430e-02
   1.6122162760599430e-02
   1.6122162760599430e-02
   1.6122162760599430e-02
   1.6122162760599430e-02
   1.6122162760599430e-02
   1.6122162760599430e-02
   1.6122162760599430e-02
   1.6122162760599430e-02
   1.6122162760599430e-02
   1.6122162760599430e-02
   1.6122162760599430e-02
   1.6122162760599430e-02
   1.6122162760599430e-02
   1.6122162760599430e-02
   1.6122162760599430e-02
   1.6122162760599430e-02
   1.6122162760599430e-02
   1.6122162760599430e-02
   1.6122162760599430e-02
   1.6122162760599430e-02
   1.6122162760599430e-02
   1.6122162760599430e-02
   1.6122162760599430e-02
   1.6122162760599430e-02
   1.6122162760599430e-02
   1.6122162760599430e-02
   1.6122162760599430e-02
   1.6122162760599430e-02
   1.6122162760599430e-02
   1.6122162760599430e-02
   1.6122162760599430e-02
   1.6122162760599430e-02
   1.6122162760599430e-02
   1.6122162760599430e-02
   1.6122162760599430e-02
   1.6122162760599430e-02
   1.6121147946038059e-02
   1.6121147946038059e-02
   1.6121147946038059e-02
   1.6121147946038059e-02
   1.6121147946038059e-02
   1.6121147946038059e-02
   1.6121147946038059e-02
   1.6121147946038059e-02
   1.6121147946038059e-02
   1.6121147946038059e-02
   1.6121147946038059e-02
   1.6121147946038059e-02
   1.6121147946038059e-02
   1.6121147946038059e-02
   1.6121147946038059e-02
   1.6121147946038059e-02
   1.6121147946038059e-02
   1.6121147946038059e-02
   1.6121147946038059e-02
   1.6121147946038059e-02
   1.6121147946038059e-02
   1.6121147946038059e-02
   1.6121147946038059e-02
   1.6121147946038059e-02
   1.6121147946038059e-02
   1.6121147946038059e-02
   1.6121147946038059e-02
   1.6121147946038059e-02
   1.6121147946038059e-02
   1.6121147946038059e-02
   1.6121147946038059e-02
   1.6121147946038059e-02
   1.6121147946038059e-02
   1.6121147946038059e-02
   1.6121147946038059e-02
   1.6121147946038059e-02
   1.6121147946038059e-02
   1.6121147946038059e-02
   1.6121147946038059e-02
   1.6121147946038059e-02
   1.6121147946038059e-02
   1.6121147946038059e-02
   1.6121147946038059e-02
   1.6121147946038059e-02
   1.6121147946038059e-02
   1.6121147946038059e-02
   1.6121147946038059e-02
   1.6121147946038059e-02
   1.6119517878861310e-02
   1.6119517878861310e-02
   1.6119517878861310e-02
   1.6119517878861310e-02
   1.6119517878861310e-02
   1.6119517878861310e-02
   1.6119517878861310e-02
   1.6119517878861310e-02
   1.6119517878861310e-02
   1.6119517878861310e-02
   1.6119517878861310e-02
   1.6119517878861310e-02
   1.6119517878861310e-02
   1.6119517878861310e-02
   1.6119517878861310e-02
   1.6119517878861310e-02
   1.6119517878861310e-02
   1.6119517878861310e-02
   1.6119517878861310e-02
   1.6119517878861310e-02
   1.6119517878861310e-02
   1.6119517878861310e-02
   1.6119517878861310e-02
   1.6119517878861310e-02
   1.6119517878861310e-02
   1.6119517878861310e-02
   1.6119517878861310e-02
   1.6119517878861310e-02
   1.6119517878861310e-02
   1.6119517878861310e-02
   1.6119517878861310e-02
   1.6119517878861310e-02
   1.6119517878861310e-02
   1.6119517878861310e-02
   1.6119517878861310e-02
   1.6119517878861310e-02
   1.6119517878861310e-02
   1.6119517878861310e-02
   1.6119517878861310e-02
   1.6119517878861310e-02
   1.6119517878861310e-02
   1.6119517878861310e-02
   1.6119517878861310e-02
   1.6119517878861310e-02
   1.6119517878861310e-02
   1.6119517878861310e-02
   1.6119517878861310e-02
   1.6119517878861310e-02
   1.6116721799556217e-02
   1.6116721799556217e-02
   1.6116721799556217e-02
   1.6116721799556217e-02
   1.6116721799556217e-02
   1.6116721799556217e-02
   1.6116721799556217e-02
   1.6116721799556217e-02
   1.6116721799556217e-02
   1.6116721799556217e-02
   1.6116721799556217e-02
   1.6116721799556217e-02
   1.6116721799556217e-02
   1.6116721799556217e-02
   1.6116721799556217e-02
   1.6116721799556217e-02
   1.6116721799556217e-02
   1.6116721799556217e-02
   1.6116721799556217e-02
   1.6116721799556217e-02
   1.6116721799556217e-02
   1.6116721799556217e-02
   1.6116721799556217e-02
   1.6116721799556217e-02
   1.6116721799556217e-02
   1.6116721799556217e-02
   1.6116721799556217e-02
   1.6116721799556217e-02
   1.6116721799556217e-02
   1.6116721799556217e-02
   1.6116721799556217e-02
   1.6116721799556217e-02
   1.6116721799556217e-02
   1.6116721799556217e-02
   1.6116721799556217e-02
   1.6116721799556217e-02
   1.6116721799556217e-02
   1.6116721799556217e-02
   1.6116721799556217e-02
   1.6116721799556217e-02
   1.6116721799556217e-02
   1.6116721799556217e-02
   1.6116721799556217e-02
   1.6116721799556217e-02
   1.6116721799556217e-02
   1.6116721799556217e-02
   1.6116721799556217e-02
   1.6116721799556217e-02
   1.6111398291208699e-02
   1.6111398291208699e-02
   1.6111398291208699e-02
   1.6111398291208699e-02
   1.6111398291208699e-02
   1.6111398291208699e-02
   1.6111398291208699e-02
   1.6111398291208699e-02
   1.6111398291208699e-02
   1.6111398291208699e-02
   1.6111398291208699e-02
   1.6111398291208699e-02
   1.6111398291208699e-02
   1.6111398291208699e-02
   1.6111398291208699e-02
   1.6111398291208699e-02
   1.6111398291208699e-02
   1.6111398291208699e-02
   1.6111398291208699e-02
   1.6111398291208699e-02
   1.6111398291208699e-02
   1.6111398291208699e-02
   1.6111398291208699e-02
   1.6111398291208699e-02
   1.6111398291208699e-02
   1.6111398291208699e-02
   1.6111398291208699e-02
   1.6111398291208699e-02
   1.6111398291208699e-02
   1.6111398291208699e-02
   1.6111398291208699e-02
   1.6111398291208699e-02
   1.6111398291208699e-02
   1.6111398291208699e-02
   1.6111398291208699e-02
   1.6111398291208699e-02
   1.6111398291208699e-02
   1.6111398291208699e-02
   1.6111398291208699e-02
   1.6111398291208699e-02
   1.6111398291208699e-02
   1.6111398291208699e-02
   1.6111398291208699e-02
   1.6111398291208699e-02
   1.6111398291208699e-02
   1.6111398291208699e-02
   1.6111398291208699e-02
   1.6111398291208699e-02
   1.6099399796422251e-02
   1.6099399796422251e-02
   1.6099399796422251e-02
   1.6099399796422251e-02
   1.6099399796422251e-02
   1.6099399796422251e-02
   1.6099399796422251e-02
   1.6099399796422251e-02
   1.6099399796422251e-02
   1.6099399796422251e-02
   1.6099399796422251e-02
   1.6099399796422251e-02
   1.6099399796422251e-02
   1.6099399796422251e-02
   1.6099399796422251e-02
   1.6099399796422251e-02
   1.6099399796422251e-02
   1.6099399796422251e-02
   1.6099399796422251e-02
   1.6099399796422251e-02
   1.6099399796422251e-02
   1.6099399796422251e-02
   1.6099399796422251e-02
   1.6099399796422251e-02
   1.6099399796422251e-02
   1.6099399796422251e-02
   1.6099399796422251e-02
   1.6099399796422251e-02
   1.6099399796422251e-02
   1.6099399796422251e-02
   1.6099399796422251e-02
   1.6099399796422251e-02
   1.6099399796422251e-02
   1.6099399796422251e-02
   1.6099399796422251e-02
   1.6099399796422251e-02
   1.6099399796422251e-02
   1.6099399796422251e-02
   1.6099399796422251e-02
   1.6099399796422251e-02
   1.6099399796422251e-02
   1.6099399796422251e-02
   1.6099399796422251e-02
   1.6099399796422251e-02
   1.6099399796422251e-02
   1.6099399796422251e-02
   1.6099399796422251e-02
   1.6099399796422251e-02
   1.6062793430937340e-02
   1.6062793430937340e-02
   1.6062793430937340e-02
   1.6062793430937340e-02
   1.6062793430937340e-02
   1.6062793430937340e-02
   1.6062793430937340e-02
   1.6062793430937340e-02
   1.6062793430937340e-02
   1.6062793430937340e-02
   1.6062793430937340e-02
   1.6062793430937340e-02
   1.6062793430937340e-02
   1.6062793430937340e-02
   1.6062793430937340e-02
   1.6062793430937340e-02
   1.6062793430937340e-02
   1.6062793430937340e-02
   1.6062793430937340e-02
   1.6062793430937340e-02
   1.6062793430937340e-02
   1.6062793430937340e-02
   1.6062793430937340e-02
   1.6062793430937340e-02
   1.6062793430937340e-02
   1.6062793430937340e-02
   1.6062793430937340e-02
   1.6062793430937340e-02
   1.6062793430937340e-02
   1.6062793430937340e-02
   1.6062793430937340e-02
   1.6062793430937340e-02
   1.6062793430937340e-02
   1.6062793430937340e-02
   1.6062793430937340e-02
   1.6062793430937340e-02
   1.6062793430937340e-02
   1.6062793430937340e-02
   1.6062793430937340e-02
   1.6062793430937340e-02
   1.6062793430937340e-02
   1.6062793430937340e-02
   1.6062793430937340e-02
   1.6062793430937340e-02
   1.6062793430937340e-02
   1.6062793430937340e-02
   1.6062793430937340e-02
   1.6062793430937340e-02
   1.5839281135298790e-02
   1.5839281135298790e-02
   1.5839281135298790e-02
   1.5839281135298790e-02
   1.5839281135298790e-02
   1.5839281135298790e-02
   1.5839281135298790e-02
   1.5839281135298790e-02
   1.5839281135298790e-02
   1.5839281135298790e-02
   1.5839281135298790e-02
   1.5839281135298790e-02
   1.5839281135298790e-02
   1.5839281135298790e-02
   1.5839281135298790e-02
   1.5839281135298790e-02
   1.5839281135298790e-02
   1.5839281135298790e-02
   1.5839281135298790e-02
   1.5839281135298790e-02
   1.5839281135298790e-02
   1.5839281135298790e-02
   1.5839281135298790e-02
   1.5839281135298790e-02
   1.5839281135298790e-02
   1.5839281135298790e-02
   1.5839281135298790e-02
   1.5839281135298790e-02
   1.5839281135298790e-02
   1.5839281135298790e-02
   1.5839281135298790e-02
   1.5839281135298790e-02
   1.5839281135298790e-02
   1.5839281135298790e-02
   1.5839281135298790e-02
   1.5839281135298790e-02
   1.5839281135298790e-02
   1.5839281135298790e-02
   1.5839281135298790e-02
   1.5839281135298790e-02
   1.5839281135298790e-02
   1.5839281135298790e-02
   1.5839281135298790e-02
   1.5839281135298790e-02
   1.5839281135298790e-02
   1.5839281135298790e-02
   1.5839281135298790e-02
   1.5839281135298790e-02
