   3.4617639540780759e-02
   3.4617639540780759e-02
   3.4617639540780759e-02
   3.4617639540780759e-02
   3.4617639540780759e-02
   3.4617639540780759e-02
   3.4617639540780759e-02
   3.4617639540780759e-02
   3.4617639540780759e-02
   3.4617639540780759e-02
   3.4617639540780759e-02
   3.4617639540780759e-02
   3.4617639540780759e-02
   3.4617639540780759e-02
   3.4617639540780759e-02
   3.4617639540780759e-02
   3.4617639540780759e-02
   3.4617639540780759e-02
   3.4617639540780759e-02
   3.4617639540780759e-02
   3.4617639540780759e-02
   3.4617639540780759e-02
   3.4617639540780759e-02
   3.4617639540780759e-02
   3.4617639540780759e-02
   3.4617639540780759e-02
   3.4617639540780759e-02
   3.4617639540780759e-02
   3.4617639540780759e-02
   3.4617639540780759e-02
   3.4617639540780759e-02
   3.4617639540780759e-02
   3.5106077146064930e-02
   3.5106077146064930e-02
   3.5106077146064930e-02
   3.5106077146064930e-02
   3.5106077146064930e-02
   3.5106077146064930e-02
   3.5106077146064930e-02
   3.5106077146064930e-02
   3.5106077146064930e-02
   3.5106077146064930e-02
   3.5106077146064930e-02
   3.5106077146064930e-02
   3.5106077146064930e-02
   3.5106077146064930e-02
   3.5106077146064930e-02
   3.5106077146064930e-02
   3.5106077146064930e-02
   3.5106077146064930e-02
   3.5106077146064930e-02
   3.5106077146064930e-02
   3.5106077146064930e-02
   3.5106077146064930e-02
   3.5106077146064930e-02
   3.5106077146064930e-02
   3.5106077146064930e-02
   3.5106077146064930e-02
   3.5106077146064930e-02
   3.5106077146064930e-02
   3.5106077146064930e-02
   3.5106077146064930e-02
   3.5106077146064930e-02
   3.5106077146064930e-02
   3.5185967451307990e-02
   3.5185967451307990e-02
   3.5185967451307990e-02
   3.5185967451307990e-02
   3.5185967451307990e-02
   3.5185967451307990e-02
   3.5185967451307990e-02
   3.5185967451307990e-02
   3.5185967451307990e-02
   3.5185967451307990e-02
   3.5185967451307990e-02
   3.5185967451307990e-02
   3.5185967451307990e-02
   3.5185967451307990e-02
   3.5185967451307990e-02
   3.5185967451307990e-02
   3.5185967451307990e-02
   3.5185967451307990e-02
   3.5185967451307990e-02
   3.5185967451307990e-02
   3.5185967451307990e-02
   3.5185967451307990e-02
   3.5185967451307990e-02
   3.5185967451307990e-02
   3.5185967451307990e-02
   3.5185967451307990e-02
   3.5185967451307990e-02
   3.5185967451307990e-02
   3.5185967451307990e-02
   3.5185967451307990e-02
   3.5185967451307990e-02
   3.5185967451307990e-02
   3.5212013378275196e-02
   3.5212013378275196e-02
   3.5212013378275196e-02
   3.5212013378275196e-02
   3.5212013378275196e-02
   3.5212013378275196e-02
   3.5212013378275196e-02
   3.5212013378275196e-02
   3.5212013378275196e-02
   3.5212013378275196e-02
   3.5212013378275196e-02
   3.5212013378275196e-02
   3.5212013378275196e-02
   3.5212013378275196e-02
   3.5212013378275196e-02
   3.5212013378275196e-02
   3.5212013378275196e-02
   3.5212013378275196e-02
   3.5212013378275196e-02
   3.5212013378275196e-02
   3.5212013378275196e-02
   3.5212013378275196e-02
   3.5212013378275196e-02
   3.5212013378275196e-02
   3.5212013378275196e-02
   3.5212013378275196e-02
   3.5212013378275196e-02
   3.5212013378275196e-02
   3.5212013378275196e-02
   3.5212013378275196e-02
   3.5212013378275196e-02
   3.5212013378275196e-02
   3.5223393817959518e-02
   3.5223393817959518e-02
   3.5223393817959518e-02
   3.5223393817959518e-02
   3.5223393817959518e-02
   3.5223393817959518e-02
   3.5223393817959518e-02
   3.5223393817959518e-02
   3.5223393817959518e-02
   3.5223393817959518e-02
   3.5223393817959518e-02
   3.5223393817959518e-02
   3.5223393817959518e-02
   3.5223393817959518e-02
   3.5223393817959518e-02
   3.5223393817959518e-02
   3.5223393817959518e-02
   3.5223393817959518e-02
   3.5223393817959518e-02
   3.5223393817959518e-02
   3.5223393817959518e-02
   3.5223393817959518e-02
   3.5223393817959518e-02
   3.5223393817959518e-02
   3.5223393817959518e-02
   3.5223393817959518e-02
   3.5223393817959518e-02
   3.5223393817959518e-02
   3.5223393817959518e-02
   3.5223393817959518e-02
   3.5223393817959518e-02
   3.5223393817959518e-02
   3.5229150810221044e-02
   3.5229150810221044e-02
   3.5229150810221044e-02
   3.5229150810221044e-02
   3.5229150810221044e-02
   3.5229150810221044e-02
   3.5229150810221044e-02
   3.5229150810221044e-02
   3.5229150810221044e-02
   3.5229150810221044e-02
   3.5229150810221044e-02
   3.5229150810221044e-02
   3.5229150810221044e-02
   3.5229150810221044e-02
   3.5229150810221044e-02
   3.5229150810221044e-02
   3.5229150810221044e-02
   3.5229150810221044e-02
   3.5229150810221044e-02
   3.5229150810221044e-02
   3.5229150810221044e-02
   3.5229150810221044e-02
   3.5229150810221044e-02
   3.5229150810221044e-02
   3.5229150810221044e-02
   3.5229150810221044e-02
   3.5229150810221044e-02
   3.5229150810221044e-02
   3.5229150810221044e-02
   3.5229150810221044e-02
   3.5229150810221044e-02
   3.5229150810221044e-02
   3.5232224434457129e-02
   3.5232224434457129e-02
   3.5232224434457129e-02
   3.5232224434457129e-02
   3.5232224434457129e-02
   3.5232224434457129e-02
   3.5232224434457129e-02
   3.5232224434457129e-02
   3.5232224434457129e-02
   3.5232224434457129e-02
   3.5232224434457129e-02
   3.5232224434457129e-02
   3.5232224434457129e-02
   3.5232224434457129e-02
   3.5232224434457129e-02
   3.5232224434457129e-02
   3.5232224434457129e-02
   3.5232224434457129e-02
   3.5232224434457129e-02
   3.5232224434457129e-02
   3.5232224434457129e-02
   3.5232224434457129e-02
   3.5232224434457129e-02
   3.5232224434457129e-02
   3.5232224434457129e-02
   3.5232224434457129e-02
   3.5232224434457129e-02
   3.5232224434457129e-02
   3.5232224434457129e-02
   3.5232224434457129e-02
   3.5232224434457129e-02
   3.5232224434457129e-02
   3.5233762356214900e-02
   3.5233762356214900e-02
   3.5233762356214900e-02
   3.5233762356214900e-02
   3.5233762356214900e-02
   3.5233762356214900e-02
   3.5233762356214900e-02
   3.5233762356214900e-02
   3.5233762356214900e-02
   3.5233762356214900e-02
   3.5233762356214900e-02
   3.5233762356214900e-02
   3.5233762356214900e-02
   3.5233762356214900e-02
   3.5233762356214900e-02
   3.5233762356214900e-02
   3.5233762356214900e-02
   3.5233762356214900e-02
   3.5233762356214900e-02
   3.5233762356214900e-02
   3.5233762356214900e-02
   3.5233762356214900e-02
   3.5233762356214900e-02
   3.5233762356214900e-02
   3.5233762356214900e-02
   3.5233762356214900e-02
   3.5233762356214900e-02
   3.5233762356214900e-02
   3.5233762356214900e-02
   3.5233762356214900e-02
   3.5233762356214900e-02
   3.5233762356214900e-02
   3.5234232061479659e-02
   3.5234232061479659e-02
   3.5234232061479659e-02
   3.5234232061479659e-02
   3.5234232061479659e-02
   3.5234232061479659e-02
   3.5234232061479659e-02
   3.5234232061479659e-02
   3.5234232061479659e-02
   3.5234232061479659e-02
   3.5234232061479659e-02
   3.5234232061479659e-02
   3.5234232061479659e-02
   3.5234232061479659e-02
   3.5234232061479659e-02
   3.5234232061479659e-02
   3.5234232061479659e-02
   3.5234232061479659e-02
   3.5234232061479659e-02
   3.5234232061479659e-02
   3.5234232061479659e-02
   3.5234232061479659e-02
   3.5234232061479659e-02
   3.5234232061479659e-02
   3.5234232061479659e-02
   3.5234232061479659e-02
   3.5234232061479659e-02
   3.5234232061479659e-02
   3.5234232061479659e-02
   3.5234232061479659e-02
   3.5234232061479659e-02
   3.5234232061479659e-02
   3.5233762356214927e-02
   3.5233762356214927e-02
   3.5233762356214927e-02
   3.5233762356214927e-02
   3.5233762356214927e-02
   3.5233762356214927e-02
   3.5233762356214927e-02
   3.5233762356214927e-02
   3.5233762356214927e-02
   3.5233762356214927e-02
   3.5233762356214927e-02
   3.5233762356214927e-02
   3.5233762356214927e-02
   3.5233762356214927e-02
   3.5233762356214927e-02
   3.5233762356214927e-02
   3.5233762356214927e-02
   3.5233762356214927e-02
   3.5233762356214927e-02
   3.5233762356214927e-02
   3.5233762356214927e-02
   3.5233762356214927e-02
   3.5233762356214927e-02
   3.5233762356214927e-02
   3.5233762356214927e-02
   3.5233762356214927e-02
   3.5233762356214927e-02
   3.5233762356214927e-02
   3.5233762356214927e-02
   3.5233762356214927e-02
   3.5233762356214927e-02
   3.5233762356214927e-02
   3.5232224434457129e-02
   3.5232224434457129e-02
   3.5232224434457129e-02
   3.5232224434457129e-02
   3.5232224434457129e-02
   3.5232224434457129e-02
   3.5232224434457129e-02
   3.5232224434457129e-02
   3.5232224434457129e-02
   3.5232224434457129e-02
   3.5232224434457129e-02
   3.5232224434457129e-02
   3.5232224434457129e-02
   3.5232224434457129e-02
   3.5232224434457129e-02
   3.5232224434457129e-02
   3.5232224434457129e-02
   3.5232224434457129e-02
   3.5232224434457129e-02
   3.5232224434457129e-02
   3.5232224434457129e-02
   3.5232224434457129e-02
   3.5232224434457129e-02
   3.5232224434457129e-02
   3.5232224434457129e-02
   3.5232224434457129e-02
   3.5232224434457129e-02
   3.5232224434457129e-02
   3.5232224434457129e-02
   3.5232224434457129e-02
   3.5232224434457129e-02
   3.5232224434457129e-02
   3.5229150810221085e-02
   3.5229150810221085e-02
   3.5229150810221085e-02
   3.5229150810221085e-02
   3.5229150810221085e-02
   3.5229150810221085e-02
   3.5229150810221085e-02
   3.5229150810221085e-02
   3.5229150810221085e-02
   3.5229150810221085e-02
   3.5229150810221085e-02
   3.5229150810221085e-02
   3.5229150810221085e-02
   3.5229150810221085e-02
   3.5229150810221085e-02
   3.5229150810221085e-02
   3.5229150810221085e-02
   3.5229150810221085e-02
   3.5229150810221085e-02
   3.5229150810221085e-02
   3.5229150810221085e-02
   3.5229150810221085e-02
   3.5229150810221085e-02
   3.5229150810221085e-02
   3.5229150810221085e-02
   3.5229150810221085e-02
   3.5229150810221085e-02
   3.5229150810221085e-02
   3.5229150810221085e-02
   3.5229150810221085e-02
   3.5229150810221085e-02
   3.5229150810221085e-02
   3.5223393817959532e-02
   3.5223393817959532e-02
   3.5223393817959532e-02
   3.5223393817959532e-02
   3.5223393817959532e-02
   3.5223393817959532e-02
   3.5223393817959532e-02
   3.5223393817959532e-02
   3.5223393817959532e-02
   3.5223393817959532e-02
   3.5223393817959532e-02
   3.5223393817959532e-02
   3.5223393817959532e-02
   3.5223393817959532e-02
   3.5223393817959532e-02
   3.5223393817959532e-02
   3.5223393817959532e-02
   3.5223393817959532e-02
   3.5223393817959532e-02
   3.5223393817959532e-02
   3.5223393817959532e-02
   3.5223393817959532e-02
   3.5223393817959532e-02
   3.5223393817959532e-02
   3.5223393817959532e-02
   3.5223393817959532e-02
   3.5223393817959532e-02
   3.5223393817959532e-02
   3.5223393817959532e-02
   3.5223393817959532e-02
   3.5223393817959532e-02
   3.5223393817959532e-02
   3.5212013378275182e-02
   3.5212013378275182e-02
   3.5212013378275182e-02
   3.5212013378275182e-02
   3.5212013378275182e-02
   3.5212013378275182e-02
   3.5212013378275182e-02
   3.5212013378275182e-02
   3.5212013378275182e-02
   3.5212013378275182e-02
   3.5212013378275182e-02
   3.5212013378275182e-02
   3.5212013378275182e-02
   3.5212013378275182e-02
   3.5212013378275182e-02
   3.5212013378275182e-02
   3.5212013378275182e-02
   3.5212013378275182e-02
   3.5212013378275182e-02
   3.5212013378275182e-02
   3.5212013378275182e-02
   3.5212013378275182e-02
   3.5212013378275182e-02
   3.5212013378275182e-02
   3.5212013378275182e-02
   3.5212013378275182e-02
   3.5212013378275182e-02
   3.5212013378275182e-02
   3.5212013378275182e-02
   3.5212013378275182e-02
   3.5212013378275182e-02
   3.5212013378275182e-02
   3.5185967451308198e-02
   3.5185967451308198e-02
   3.5185967451308198e-02
   3.5185967451308198e-02
   3.5185967451308198e-02
   3.5185967451308198e-02
   3.5185967451308198e-02
   3.5185967451308198e-02
   3.5185967451308198e-02
   3.5185967451308198e-02
   3.5185967451308198e-02
   3.5185967451308198e-02
   3.5185967451308198e-02
   3.5185967451308198e-02
   3.5185967451308198e-02
   3.5185967451308198e-02
   3.5185967451308198e-02
   3.5185967451308198e-02
   3.5185967451308198e-02
   3.5185967451308198e-02
   3.5185967451308198e-02
   3.5185967451308198e-02
   3.5185967451308198e-02
   3.5185967451308198e-02
   3.5185967451308198e-02
   3.5185967451308198e-02
   3.5185967451308198e-02
   3.5185967451308198e-02
   3.5185967451308198e-02
   3.5185967451308198e-02
   3.5185967451308198e-02
   3.5185967451308198e-02
   3.5106077146065548e-02
   3.5106077146065548e-02
   3.5106077146065548e-02
   3.5106077146065548e-02
   3.5106077146065548e-02
   3.5106077146065548e-02
   3.5106077146065548e-02
   3.5106077146065548e-02
   3.5106077146065548e-02
   3.5106077146065548e-02
   3.5106077146065548e-02
   3.5106077146065548e-02
   3.5106077146065548e-02
   3.5106077146065548e-02
   3.5106077146065548e-02
   3.5106077146065548e-02
   3.5106077146065548e-02
   3.5106077146065548e-02
   3.5106077146065548e-02
   3.5106077146065548e-02
   3.5106077146065548e-02
   3.5106077146065548e-02
   3.5106077146065548e-02
   3.5106077146065548e-02
   3.5106077146065548e-02
   3.5106077146065548e-02
   3.5106077146065548e-02
   3.5106077146065548e-02
   3.5106077146065548e-02
   3.5106077146065548e-02
   3.5106077146065548e-02
   3.5106077146065548e-02
   3.4617639540781606e-02
   3.4617639540781606e-02
   3.4617639540781606e-02
   3.4617639540781606e-02
   3.4617639540781606e-02
   3.4617639540781606e-02
   3.4617639540781606e-02
   3.4617639540781606e-02
   3.4617639540781606e-02
   3.4617639540781606e-02
   3.4617639540781606e-02
   3.4617639540781606e-02
   3.4617639540781606e-02
   3.4617639540781606e-02
   3.4617639540781606e-02
   3.4617639540781606e-02
   3.4617639540781606e-02
   3.4617639540781606e-02
   3.4617639540781606e-02
   3.4617639540781606e-02
   3.4617639540781606e-02
   3.4617639540781606e-02
   3.4617639540781606e-02
   3.4617639540781606e-02
   3.4617639540781606e-02
   3.4617639540781606e-02
   3.4617639540781606e-02
   3.4617639540781606e-02
   3.4617639540781606e-02
   3.4617639540781606e-02
   3.4617639540781606e-02
   3.4617639540781606e-02
