   2.1526572910144509e-01
   2.1526572910144509e-01
   2.1526572910144509e-01
   2.1526572910144509e-01
   2.1526572910144509e-01
   2.1526572910144509e-01
   2.1526572910144509e-01
   2.1526572910144509e-01
   2.1526572910144509e-01
   2.1526572910144509e-01
   2.1526572910144509e-01
   2.1526572910144509e-01
   2.1828794723244990e-01
   2.1828794723244990e-01
   2.1828794723244990e-01
   2.1828794723244990e-01
   2.1828794723244990e-01
   2.1828794723244990e-01
   2.1828794723244990e-01
   2.1828794723244990e-01
   2.1828794723244990e-01
   2.1828794723244990e-01
   2.1828794723244990e-01
   2.1828794723244990e-01
   2.1875105728340521e-01
   2.1875105728340521e-01
   2.1875105728340521e-01
   2.1875105728340521e-01
   2.1875105728340521e-01
   2.1875105728340521e-01
   2.1875105728340521e-01
   2.1875105728340521e-01
   2.1875105728340521e-01
   2.1875105728340521e-01
   2.1875105728340521e-01
   2.1875105728340521e-01
   2.1884291682149262e-01
   2.1884291682149262e-01
   2.1884291682149262e-01
   2.1884291682149262e-01
   2.1884291682149262e-01
   2.1884291682149262e-01
   2.1884291682149262e-01
   2.1884291682149262e-01
   2.1884291682149262e-01
   2.1884291682149262e-01
   2.1884291682149262e-01
   2.1884291682149262e-01
   2.1875105728340491e-01
   2.1875105728340491e-01
   2.1875105728340491e-01
   2.1875105728340491e-01
   2.1875105728340491e-01
   2.1875105728340491e-01
   2.1875105728340491e-01
   2.1875105728340491e-01
   2.1875105728340491e-01
   2.1875105728340491e-01
   2.1875105728340491e-01
   2.1875105728340491e-01
   2.1828794723244976e-01
   2.1828794723244976e-01
   2.1828794723244976e-01
   2.1828794723244976e-01
   2.1828794723244976e-01
   2.1828794723244976e-01
   2.1828794723244976e-01
   2.1828794723244976e-01
   2.1828794723244976e-01
   2.1828794723244976e-01
   2.1828794723244976e-01
   2.1828794723244976e-01
   2.1526572910144498e-01
   2.1526572910144498e-01
   2.1526572910144498e-01
   2.1526572910144498e-01
   2.1526572910144498e-01
   2.1526572910144498e-01
   2.1526572910144498e-01
   2.1526572910144498e-01
   2.1526572910144498e-01
   2.1526572910144498e-01
   2.1526572910144498e-01
   2.1526572910144498e-01
