   1.2749656155054712e-01
   1.2749656155054712e-01
   1.2749656155054712e-01
   1.2749656155054712e-01
   1.2749656155054712e-01
   1.2749656155054712e-01
   1.2749656155054712e-01
   1.2749656155054712e-01
   1.2749656155054712e-01
   1.2749656155054712e-01
   1.2749656155054712e-01
   1.2749656155054712e-01
   1.2749656155054712e-01
   1.2749656155054712e-01
   1.2749656155054712e-01
   1.2749656155054712e-01
   1.2929230568965069e-01
   1.2929230568965069e-01
   1.2929230568965069e-01
   1.2929230568965069e-01
   1.2929230568965069e-01
   1.2929230568965069e-01
   1.2929230568965069e-01
   1.2929230568965069e-01
   1.2929230568965069e-01
   1.2929230568965069e-01
   1.2929230568965069e-01
   1.2929230568965069e-01
   1.2929230568965069e-01
   1.2929230568965069e-01
   1.2929230568965069e-01
   1.2929230568965069e-01
   1.2957999862218189e-01
   1.2957999862218189e-01
   1.2957999862218189e-01
   1.2957999862218189e-01
   1.2957999862218189e-01
   1.2957999862218189e-01
   1.2957999862218189e-01
   1.2957999862218189e-01
   1.2957999862218189e-01
   1.2957999862218189e-01
   1.2957999862218189e-01
   1.2957999862218189e-01
   1.2957999862218189e-01
   1.2957999862218189e-01
   1.2957999862218189e-01
   1.2957999862218189e-01
   1.2966413064601759e-01
   1.2966413064601759e-01
   1.2966413064601759e-01
   1.2966413064601759e-01
   1.2966413064601759e-01
   1.2966413064601759e-01
   1.2966413064601759e-01
   1.2966413064601759e-01
   1.2966413064601759e-01
   1.2966413064601759e-01
   1.2966413064601759e-01
   1.2966413064601759e-01
   1.2966413064601759e-01
   1.2966413064601759e-01
   1.2966413064601759e-01
   1.2966413064601759e-01
   1.2968469144977363e-01
   1.2968469144977363e-01
   1.2968469144977363e-01
   1.2968469144977363e-01
   1.2968469144977363e-01
   1.2968469144977363e-01
   1.2968469144977363e-01
   1.2968469144977363e-01
   1.2968469144977363e-01
   1.2968469144977363e-01
   1.2968469144977363e-01
   1.2968469144977363e-01
   1.2968469144977363e-01
   1.2968469144977363e-01
   1.2968469144977363e-01
   1.2968469144977363e-01
   1.2966413064601726e-01
   1.2966413064601726e-01
   1.2966413064601726e-01
   1.2966413064601726e-01
   1.2966413064601726e-01
   1.2966413064601726e-01
   1.2966413064601726e-01
   1.2966413064601726e-01
   1.2966413064601726e-01
   1.2966413064601726e-01
   1.2966413064601726e-01
   1.2966413064601726e-01
   1.2966413064601726e-01
   1.2966413064601726e-01
   1.2966413064601726e-01
   1.2966413064601726e-01
   1.2957999862218186e-01
   1.2957999862218186e-01
   1.2957999862218186e-01
   1.2957999862218186e-01
   1.2957999862218186e-01
   1.2957999862218186e-01
   1.2957999862218186e-01
   1.2957999862218186e-01
   1.2957999862218186e-01
   1.2957999862218186e-01
   1.2957999862218186e-01
   1.2957999862218186e-01
   1.2957999862218186e-01
   1.2957999862218186e-01
   1.2957999862218186e-01
   1.2957999862218186e-01
   1.2929230568965022e-01
   1.2929230568965022e-01
   1.2929230568965022e-01
   1.2929230568965022e-01
   1.2929230568965022e-01
   1.2929230568965022e-01
   1.2929230568965022e-01
   1.2929230568965022e-01
   1.2929230568965022e-01
   1.2929230568965022e-01
   1.2929230568965022e-01
   1.2929230568965022e-01
   1.2929230568965022e-01
   1.2929230568965022e-01
   1.2929230568965022e-01
   1.2929230568965022e-01
   1.2749656155054695e-01
   1.2749656155054695e-01
   1.2749656155054695e-01
   1.2749656155054695e-01
   1.2749656155054695e-01
   1.2749656155054695e-01
   1.2749656155054695e-01
   1.2749656155054695e-01
   1.2749656155054695e-01
   1.2749656155054695e-01
   1.2749656155054695e-01
   1.2749656155054695e-01
   1.2749656155054695e-01
   1.2749656155054695e-01
   1.2749656155054695e-01
   1.2749656155054695e-01
