   8.7923115889831191e-02
   8.7923115889831191e-02
   8.7923115889831191e-02
   8.7923115889831191e-02
   8.7923115889831191e-02
   8.7923115889831191e-02
   8.7923115889831191e-02
   8.7923115889831191e-02
   8.7923115889831191e-02
   8.7923115889831191e-02
   8.7923115889831191e-02
   8.7923115889831191e-02
   8.7923115889831191e-02
   8.7923115889831191e-02
   8.7923115889831191e-02
   8.7923115889831191e-02
   8.7923115889831191e-02
   8.7923115889831191e-02
   8.7923115889831191e-02
   8.7923115889831191e-02
   8.7923115889831191e-02
   8.7923115889831191e-02
   8.7923115889831191e-02
   8.7923115889831191e-02
   4.0724284714280572e-02
   4.0724284714280572e-02
   4.0724284714280572e-02
   4.0724284714280572e-02
   4.0724284714280572e-02
   4.0724284714280572e-02
   4.0724284714280572e-02
   4.0724284714280572e-02
   4.0724284714280572e-02
   4.0724284714280572e-02
   4.0724284714280572e-02
   4.0724284714280572e-02
   4.0724284714280572e-02
   4.0724284714280572e-02
   4.0724284714280572e-02
   4.0724284714280572e-02
   4.0724284714280572e-02
   4.0724284714280572e-02
   4.0724284714280572e-02
   4.0724284714280572e-02
   4.0724284714280572e-02
   4.0724284714280572e-02
   4.0724284714280572e-02
   4.0724284714280572e-02
   7.6829100808236350e-02
   7.6829100808236350e-02
   7.6829100808236350e-02
   7.6829100808236350e-02
   7.6829100808236350e-02
   7.6829100808236350e-02
   7.6829100808236350e-02
   7.6829100808236350e-02
   7.6829100808236350e-02
   7.6829100808236350e-02
   7.6829100808236350e-02
   7.6829100808236350e-02
   7.6829100808236350e-02
   7.6829100808236350e-02
   7.6829100808236350e-02
   7.6829100808236350e-02
   7.6829100808236350e-02
   7.6829100808236350e-02
   7.6829100808236350e-02
   7.6829100808236350e-02
   7.6829100808236350e-02
   7.6829100808236350e-02
   7.6829100808236350e-02
   7.6829100808236350e-02
   4.7265752159116430e-02
   4.7265752159116430e-02
   4.7265752159116430e-02
   4.7265752159116430e-02
   4.7265752159116430e-02
   4.7265752159116430e-02
   4.7265752159116430e-02
   4.7265752159116430e-02
   4.7265752159116430e-02
   4.7265752159116430e-02
   4.7265752159116430e-02
   4.7265752159116430e-02
   4.7265752159116430e-02
   4.7265752159116430e-02
   4.7265752159116430e-02
   4.7265752159116430e-02
   4.7265752159116430e-02
   4.7265752159116430e-02
   4.7265752159116430e-02
   4.7265752159116430e-02
   4.7265752159116430e-02
   4.7265752159116430e-02
   4.7265752159116430e-02
   4.7265752159116430e-02
   7.2718543576022962e-02
   7.2718543576022962e-02
   7.2718543576022962e-02
   7.2718543576022962e-02
   7.2718543576022962e-02
   7.2718543576022962e-02
   7.2718543576022962e-02
   7.2718543576022962e-02
   7.2718543576022962e-02
   7.2718543576022962e-02
   7.2718543576022962e-02
   7.2718543576022962e-02
   7.2718543576022962e-02
   7.2718543576022962e-02
   7.2718543576022962e-02
   7.2718543576022962e-02
   7.2718543576022962e-02
   7.2718543576022962e-02
   7.2718543576022962e-02
   7.2718543576022962e-02
   7.2718543576022962e-02
   7.2718543576022962e-02
   7.2718543576022962e-02
   7.2718543576022962e-02
   5.0400237433360480e-02
   5.0400237433360480e-02
   5.0400237433360480e-02
   5.0400237433360480e-02
   5.0400237433360480e-02
   5.0400237433360480e-02
   5.0400237433360480e-02
   5.0400237433360480e-02
   5.0400237433360480e-02
   5.0400237433360480e-02
   5.0400237433360480e-02
   5.0400237433360480e-02
   5.0400237433360480e-02
   5.0400237433360480e-02
   5.0400237433360480e-02
   5.0400237433360480e-02
   5.0400237433360480e-02
   5.0400237433360480e-02
   5.0400237433360480e-02
   5.0400237433360480e-02
   5.0400237433360480e-02
   5.0400237433360480e-02
   5.0400237433360480e-02
   5.0400237433360480e-02
   7.0208450435917322e-02
   7.0208450435917322e-02
   7.0208450435917322e-02
   7.0208450435917322e-02
   7.0208450435917322e-02
   7.0208450435917322e-02
   7.0208450435917322e-02
   7.0208450435917322e-02
   7.0208450435917322e-02
   7.0208450435917322e-02
   7.0208450435917322e-02
   7.0208450435917322e-02
   7.0208450435917322e-02
   7.0208450435917322e-02
   7.0208450435917322e-02
   7.0208450435917322e-02
   7.0208450435917322e-02
   7.0208450435917322e-02
   7.0208450435917322e-02
   7.0208450435917322e-02
   7.0208450435917322e-02
   7.0208450435917322e-02
   7.0208450435917322e-02
   7.0208450435917322e-02
   5.2581573603087198e-02
   5.2581573603087198e-02
   5.2581573603087198e-02
   5.2581573603087198e-02
   5.2581573603087198e-02
   5.2581573603087198e-02
   5.2581573603087198e-02
   5.2581573603087198e-02
   5.2581573603087198e-02
   5.2581573603087198e-02
   5.2581573603087198e-02
   5.2581573603087198e-02
   5.2581573603087198e-02
   5.2581573603087198e-02
   5.2581573603087198e-02
   5.2581573603087198e-02
   5.2581573603087198e-02
   5.2581573603087198e-02
   5.2581573603087198e-02
   5.2581573603087198e-02
   5.2581573603087198e-02
   5.2581573603087198e-02
   5.2581573603087198e-02
   5.2581573603087198e-02
   6.8203146731300221e-02
   6.8203146731300221e-02
   6.8203146731300221e-02
   6.8203146731300221e-02
   6.8203146731300221e-02
   6.8203146731300221e-02
   6.8203146731300221e-02
   6.8203146731300221e-02
   6.8203146731300221e-02
   6.8203146731300221e-02
   6.8203146731300221e-02
   6.8203146731300221e-02
   6.8203146731300221e-02
   6.8203146731300221e-02
   6.8203146731300221e-02
   6.8203146731300221e-02
   6.8203146731300221e-02
   6.8203146731300221e-02
   6.8203146731300221e-02
   6.8203146731300221e-02
   6.8203146731300221e-02
   6.8203146731300221e-02
   6.8203146731300221e-02
   6.8203146731300221e-02
   5.4476722590213550e-02
   5.4476722590213550e-02
   5.4476722590213550e-02
   5.4476722590213550e-02
   5.4476722590213550e-02
   5.4476722590213550e-02
   5.4476722590213550e-02
   5.4476722590213550e-02
   5.4476722590213550e-02
   5.4476722590213550e-02
   5.4476722590213550e-02
   5.4476722590213550e-02
   5.4476722590213550e-02
   5.4476722590213550e-02
   5.4476722590213550e-02
   5.4476722590213550e-02
   5.4476722590213550e-02
   5.4476722590213550e-02
   5.4476722590213550e-02
   5.4476722590213550e-02
   5.4476722590213550e-02
   5.4476722590213550e-02
   5.4476722590213550e-02
   5.4476722590213550e-02
   6.6184862447093457e-02
   6.6184862447093457e-02
   6.6184862447093457e-02
   6.6184862447093457e-02
   6.6184862447093457e-02
   6.6184862447093457e-02
   6.6184862447093457e-02
   6.6184862447093457e-02
   6.6184862447093457e-02
   6.6184862447093457e-02
   6.6184862447093457e-02
   6.6184862447093457e-02
   6.6184862447093457e-02
   6.6184862447093457e-02
   6.6184862447093457e-02
   6.6184862447093457e-02
   6.6184862447093457e-02
   6.6184862447093457e-02
   6.6184862447093457e-02
   6.6184862447093457e-02
   6.6184862447093457e-02
   6.6184862447093457e-02
   6.6184862447093457e-02
   6.6184862447093457e-02
   5.6426825393971980e-02
   5.6426825393971980e-02
   5.6426825393971980e-02
   5.6426825393971980e-02
   5.6426825393971980e-02
   5.6426825393971980e-02
   5.6426825393971980e-02
   5.6426825393971980e-02
   5.6426825393971980e-02
   5.6426825393971980e-02
   5.6426825393971980e-02
   5.6426825393971980e-02
   5.6426825393971980e-02
   5.6426825393971980e-02
   5.6426825393971980e-02
   5.6426825393971980e-02
   5.6426825393971980e-02
   5.6426825393971980e-02
   5.6426825393971980e-02
   5.6426825393971980e-02
   5.6426825393971980e-02
   5.6426825393971980e-02
   5.6426825393971980e-02
   5.6426825393971980e-02
   6.2593605207794639e-02
   6.2593605207794639e-02
   6.2593605207794639e-02
   6.2593605207794639e-02
   6.2593605207794639e-02
   6.2593605207794639e-02
   6.2593605207794639e-02
   6.2593605207794639e-02
   6.2593605207794639e-02
   6.2593605207794639e-02
   6.2593605207794639e-02
   6.2593605207794639e-02
   6.2593605207794639e-02
   6.2593605207794639e-02
   6.2593605207794639e-02
   6.2593605207794639e-02
   6.2593605207794639e-02
   6.2593605207794639e-02
   6.2593605207794639e-02
   6.2593605207794639e-02
   6.2593605207794639e-02
   6.2593605207794639e-02
   6.2593605207794639e-02
   6.2593605207794639e-02
