   3.1602629290769968e-01
   3.1602629290769968e-01
   3.1602629290769968e-01
   3.1602629290769968e-01
   3.1602629290769968e-01
   3.1602629290769968e-01
   3.1602629290769968e-01
   3.1602629290769968e-01
   3.1602629290769968e-01
   3.1602629290769968e-01
   3.1602629290769968e-01
   3.1602629290769968e-01
   1.4770626335389195e-01
   1.4770626335389195e-01
   1.4770626335389195e-01
   1.4770626335389195e-01
   1.4770626335389195e-01
   1.4770626335389195e-01
   1.4770626335389195e-01
   1.4770626335389195e-01
   1.4770626335389195e-01
   1.4770626335389195e-01
   1.4770626335389195e-01
   1.4770626335389195e-01
   2.7395627426210595e-01
   2.7395627426210595e-01
   2.7395627426210595e-01
   2.7395627426210595e-01
   2.7395627426210595e-01
   2.7395627426210595e-01
   2.7395627426210595e-01
   2.7395627426210595e-01
   2.7395627426210595e-01
   2.7395627426210595e-01
   2.7395627426210595e-01
   2.7395627426210595e-01
   1.7408847431151100e-01
   1.7408847431151100e-01
   1.7408847431151100e-01
   1.7408847431151100e-01
   1.7408847431151100e-01
   1.7408847431151100e-01
   1.7408847431151100e-01
   1.7408847431151100e-01
   1.7408847431151100e-01
   1.7408847431151100e-01
   1.7408847431151100e-01
   1.7408847431151100e-01
   2.5491262705625006e-01
   2.5491262705625006e-01
   2.5491262705625006e-01
   2.5491262705625006e-01
   2.5491262705625006e-01
   2.5491262705625006e-01
   2.5491262705625006e-01
   2.5491262705625006e-01
   2.5491262705625006e-01
   2.5491262705625006e-01
   2.5491262705625006e-01
   2.5491262705625006e-01
   1.9044863944236087e-01
   1.9044863944236087e-01
   1.9044863944236087e-01
   1.9044863944236087e-01
   1.9044863944236087e-01
   1.9044863944236087e-01
   1.9044863944236087e-01
   1.9044863944236087e-01
   1.9044863944236087e-01
   1.9044863944236087e-01
   1.9044863944236087e-01
   1.9044863944236087e-01
   2.3317953344550885e-01
   2.3317953344550885e-01
   2.3317953344550885e-01
   2.3317953344550885e-01
   2.3317953344550885e-01
   2.3317953344550885e-01
   2.3317953344550885e-01
   2.3317953344550885e-01
   2.3317953344550885e-01
   2.3317953344550885e-01
   2.3317953344550885e-01
   2.3317953344550885e-01
