   2.3285448436036832e-02
   2.3285448436036832e-02
   2.3285448436036832e-02
   2.3285448436036832e-02
   2.3285448436036832e-02
   2.3285448436036832e-02
   2.3285448436036832e-02
   2.3285448436036832e-02
   2.3285448436036832e-02
   2.3285448436036832e-02
   2.3285448436036832e-02
   2.3285448436036832e-02
   2.3285448436036832e-02
   2.3285448436036832e-02
   2.3285448436036832e-02
   2.3285448436036832e-02
   2.3285448436036832e-02
   2.3285448436036832e-02
   2.3285448436036832e-02
   2.3285448436036832e-02
   2.3285448436036832e-02
   2.3285448436036832e-02
   2.3285448436036832e-02
   2.3285448436036832e-02
   2.3285448436036832e-02
   2.3285448436036832e-02
   2.3285448436036832e-02
   2.3285448436036832e-02
   2.3285448436036832e-02
   2.3285448436036832e-02
   2.3285448436036832e-02
   2.3285448436036832e-02
   2.3285448436036832e-02
   2.3285448436036832e-02
   2.3285448436036832e-02
   2.3285448436036832e-02
   2.3285448436036832e-02
   2.3285448436036832e-02
   2.3285448436036832e-02
   2.3285448436036832e-02
   2.3285448436036832e-02
   2.3285448436036832e-02
   2.3285448436036832e-02
   2.3285448436036832e-02
   2.3285448436036832e-02
   2.3285448436036832e-02
   2.3285448436036832e-02
   2.3285448436036832e-02
   1.0754219789318854e-02
   1.0754219789318854e-02
   1.0754219789318854e-02
   1.0754219789318854e-02
   1.0754219789318854e-02
   1.0754219789318854e-02
   1.0754219789318854e-02
   1.0754219789318854e-02
   1.0754219789318854e-02
   1.0754219789318854e-02
   1.0754219789318854e-02
   1.0754219789318854e-02
   1.0754219789318854e-02
   1.0754219789318854e-02
   1.0754219789318854e-02
   1.0754219789318854e-02
   1.0754219789318854e-02
   1.0754219789318854e-02
   1.0754219789318854e-02
   1.0754219789318854e-02
   1.0754219789318854e-02
   1.0754219789318854e-02
   1.0754219789318854e-02
   1.0754219789318854e-02
   1.0754219789318854e-02
   1.0754219789318854e-02
   1.0754219789318854e-02
   1.0754219789318854e-02
   1.0754219789318854e-02
   1.0754219789318854e-02
   1.0754219789318854e-02
   1.0754219789318854e-02
   1.0754219789318854e-02
   1.0754219789318854e-02
   1.0754219789318854e-02
   1.0754219789318854e-02
   1.0754219789318854e-02
   1.0754219789318854e-02
   1.0754219789318854e-02
   1.0754219789318854e-02
   1.0754219789318854e-02
   1.0754219789318854e-02
   1.0754219789318854e-02
   1.0754219789318854e-02
   1.0754219789318854e-02
   1.0754219789318854e-02
   1.0754219789318854e-02
   1.0754219789318854e-02
   2.0395693593793039e-02
   2.0395693593793039e-02
   2.0395693593793039e-02
   2.0395693593793039e-02
   2.0395693593793039e-02
   2.0395693593793039e-02
   2.0395693593793039e-02
   2.0395693593793039e-02
   2.0395693593793039e-02
   2.0395693593793039e-02
   2.0395693593793039e-02
   2.0395693593793039e-02
   2.0395693593793039e-02
   2.0395693593793039e-02
   2.0395693593793039e-02
   2.0395693593793039e-02
   2.0395693593793039e-02
   2.0395693593793039e-02
   2.0395693593793039e-02
   2.0395693593793039e-02
   2.0395693593793039e-02
   2.0395693593793039e-02
   2.0395693593793039e-02
   2.0395693593793039e-02
   2.0395693593793039e-02
   2.0395693593793039e-02
   2.0395693593793039e-02
   2.0395693593793039e-02
   2.0395693593793039e-02
   2.0395693593793039e-02
   2.0395693593793039e-02
   2.0395693593793039e-02
   2.0395693593793039e-02
   2.0395693593793039e-02
   2.0395693593793039e-02
   2.0395693593793039e-02
   2.0395693593793039e-02
   2.0395693593793039e-02
   2.0395693593793039e-02
   2.0395693593793039e-02
   2.0395693593793039e-02
   2.0395693593793039e-02
   2.0395693593793039e-02
   2.0395693593793039e-02
   2.0395693593793039e-02
   2.0395693593793039e-02
   2.0395693593793039e-02
   2.0395693593793039e-02
   1.2425206372905581e-02
   1.2425206372905581e-02
   1.2425206372905581e-02
   1.2425206372905581e-02
   1.2425206372905581e-02
   1.2425206372905581e-02
   1.2425206372905581e-02
   1.2425206372905581e-02
   1.2425206372905581e-02
   1.2425206372905581e-02
   1.2425206372905581e-02
   1.2425206372905581e-02
   1.2425206372905581e-02
   1.2425206372905581e-02
   1.2425206372905581e-02
   1.2425206372905581e-02
   1.2425206372905581e-02
   1.2425206372905581e-02
   1.2425206372905581e-02
   1.2425206372905581e-02
   1.2425206372905581e-02
   1.2425206372905581e-02
   1.2425206372905581e-02
   1.2425206372905581e-02
   1.2425206372905581e-02
   1.2425206372905581e-02
   1.2425206372905581e-02
   1.2425206372905581e-02
   1.2425206372905581e-02
   1.2425206372905581e-02
   1.2425206372905581e-02
   1.2425206372905581e-02
   1.2425206372905581e-02
   1.2425206372905581e-02
   1.2425206372905581e-02
   1.2425206372905581e-02
   1.2425206372905581e-02
   1.2425206372905581e-02
   1.2425206372905581e-02
   1.2425206372905581e-02
   1.2425206372905581e-02
   1.2425206372905581e-02
   1.2425206372905581e-02
   1.2425206372905581e-02
   1.2425206372905581e-02
   1.2425206372905581e-02
   1.2425206372905581e-02
   1.2425206372905581e-02
   1.9383027265106482e-02
   1.9383027265106482e-02
   1.9383027265106482e-02
   1.9383027265106482e-02
   1.9383027265106482e-02
   1.9383027265106482e-02
   1.9383027265106482e-02
   1.9383027265106482e-02
   1.9383027265106482e-02
   1.9383027265106482e-02
   1.9383027265106482e-02
   1.9383027265106482e-02
   1.9383027265106482e-02
   1.9383027265106482e-02
   1.9383027265106482e-02
   1.9383027265106482e-02
   1.9383027265106482e-02
   1.9383027265106482e-02
   1.9383027265106482e-02
   1.9383027265106482e-02
   1.9383027265106482e-02
   1.9383027265106482e-02
   1.9383027265106482e-02
   1.9383027265106482e-02
   1.9383027265106482e-02
   1.9383027265106482e-02
   1.9383027265106482e-02
   1.9383027265106482e-02
   1.9383027265106482e-02
   1.9383027265106482e-02
   1.9383027265106482e-02
   1.9383027265106482e-02
   1.9383027265106482e-02
   1.9383027265106482e-02
   1.9383027265106482e-02
   1.9383027265106482e-02
   1.9383027265106482e-02
   1.9383027265106482e-02
   1.9383027265106482e-02
   1.9383027265106482e-02
   1.9383027265106482e-02
   1.9383027265106482e-02
   1.9383027265106482e-02
   1.9383027265106482e-02
   1.9383027265106482e-02
   1.9383027265106482e-02
   1.9383027265106482e-02
   1.9383027265106482e-02
   1.3166975254658753e-02
   1.3166975254658753e-02
   1.3166975254658753e-02
   1.3166975254658753e-02
   1.3166975254658753e-02
   1.3166975254658753e-02
   1.3166975254658753e-02
   1.3166975254658753e-02
   1.3166975254658753e-02
   1.3166975254658753e-02
   1.3166975254658753e-02
   1.3166975254658753e-02
   1.3166975254658753e-02
   1.3166975254658753e-02
   1.3166975254658753e-02
   1.3166975254658753e-02
   1.3166975254658753e-02
   1.3166975254658753e-02
   1.3166975254658753e-02
   1.3166975254658753e-02
   1.3166975254658753e-02
   1.3166975254658753e-02
   1.3166975254658753e-02
   1.3166975254658753e-02
   1.3166975254658753e-02
   1.3166975254658753e-02
   1.3166975254658753e-02
   1.3166975254658753e-02
   1.3166975254658753e-02
   1.3166975254658753e-02
   1.3166975254658753e-02
   1.3166975254658753e-02
   1.3166975254658753e-02
   1.3166975254658753e-02
   1.3166975254658753e-02
   1.3166975254658753e-02
   1.3166975254658753e-02
   1.3166975254658753e-02
   1.3166975254658753e-02
   1.3166975254658753e-02
   1.3166975254658753e-02
   1.3166975254658753e-02
   1.3166975254658753e-02
   1.3166975254658753e-02
   1.3166975254658753e-02
   1.3166975254658753e-02
   1.3166975254658753e-02
   1.3166975254658753e-02
   1.8825629744006527e-02
   1.8825629744006527e-02
   1.8825629744006527e-02
   1.8825629744006527e-02
   1.8825629744006527e-02
   1.8825629744006527e-02
   1.8825629744006527e-02
   1.8825629744006527e-02
   1.8825629744006527e-02
   1.8825629744006527e-02
   1.8825629744006527e-02
   1.8825629744006527e-02
   1.8825629744006527e-02
   1.8825629744006527e-02
   1.8825629744006527e-02
   1.8825629744006527e-02
   1.8825629744006527e-02
   1.8825629744006527e-02
   1.8825629744006527e-02
   1.8825629744006527e-02
   1.8825629744006527e-02
   1.8825629744006527e-02
   1.8825629744006527e-02
   1.8825629744006527e-02
   1.8825629744006527e-02
   1.8825629744006527e-02
   1.8825629744006527e-02
   1.8825629744006527e-02
   1.8825629744006527e-02
   1.8825629744006527e-02
   1.8825629744006527e-02
   1.8825629744006527e-02
   1.8825629744006527e-02
   1.8825629744006527e-02
   1.8825629744006527e-02
   1.8825629744006527e-02
   1.8825629744006527e-02
   1.8825629744006527e-02
   1.8825629744006527e-02
   1.8825629744006527e-02
   1.8825629744006527e-02
   1.8825629744006527e-02
   1.8825629744006527e-02
   1.8825629744006527e-02
   1.8825629744006527e-02
   1.8825629744006527e-02
   1.8825629744006527e-02
   1.8825629744006527e-02
   1.3622108589359805e-02
   1.3622108589359805e-02
   1.3622108589359805e-02
   1.3622108589359805e-02
   1.3622108589359805e-02
   1.3622108589359805e-02
   1.3622108589359805e-02
   1.3622108589359805e-02
   1.3622108589359805e-02
   1.3622108589359805e-02
   1.3622108589359805e-02
   1.3622108589359805e-02
   1.3622108589359805e-02
   1.3622108589359805e-02
   1.3622108589359805e-02
   1.3622108589359805e-02
   1.3622108589359805e-02
   1.3622108589359805e-02
   1.3622108589359805e-02
   1.3622108589359805e-02
   1.3622108589359805e-02
   1.3622108589359805e-02
   1.3622108589359805e-02
   1.3622108589359805e-02
   1.3622108589359805e-02
   1.3622108589359805e-02
   1.3622108589359805e-02
   1.3622108589359805e-02
   1.3622108589359805e-02
   1.3622108589359805e-02
   1.3622108589359805e-02
   1.3622108589359805e-02
   1.3622108589359805e-02
   1.3622108589359805e-02
   1.3622108589359805e-02
   1.3622108589359805e-02
   1.3622108589359805e-02
   1.3622108589359805e-02
   1.3622108589359805e-02
   1.3622108589359805e-02
   1.3622108589359805e-02
   1.3622108589359805e-02
   1.3622108589359805e-02
   1.3622108589359805e-02
   1.3622108589359805e-02
   1.3622108589359805e-02
   1.3622108589359805e-02
   1.3622108589359805e-02
   1.8448880755198509e-02
   1.8448880755198509e-02
   1.8448880755198509e-02
   1.8448880755198509e-02
   1.8448880755198509e-02
   1.8448880755198509e-02
   1.8448880755198509e-02
   1.8448880755198509e-02
   1.8448880755198509e-02
   1.8448880755198509e-02
   1.8448880755198509e-02
   1.8448880755198509e-02
   1.8448880755198509e-02
   1.8448880755198509e-02
   1.8448880755198509e-02
   1.8448880755198509e-02
   1.8448880755198509e-02
   1.8448880755198509e-02
   1.8448880755198509e-02
   1.8448880755198509e-02
   1.8448880755198509e-02
   1.8448880755198509e-02
   1.8448880755198509e-02
   1.8448880755198509e-02
   1.8448880755198509e-02
   1.8448880755198509e-02
   1.8448880755198509e-02
   1.8448880755198509e-02
   1.8448880755198509e-02
   1.8448880755198509e-02
   1.8448880755198509e-02
   1.8448880755198509e-02
   1.8448880755198509e-02
   1.8448880755198509e-02
   1.8448880755198509e-02
   1.8448880755198509e-02
   1.8448880755198509e-02
   1.8448880755198509e-02
   1.8448880755198509e-02
   1.8448880755198509e-02
   1.8448880755198509e-02
   1.8448880755198509e-02
   1.8448880755198509e-02
   1.8448880755198509e-02
   1.8448880755198509e-02
   1.8448880755198509e-02
   1.8448880755198509e-02
   1.8448880755198509e-02
   1.3949195272591685e-02
   1.3949195272591685e-02
   1.3949195272591685e-02
   1.3949195272591685e-02
   1.3949195272591685e-02
   1.3949195272591685e-02
   1.3949195272591685e-02
   1.3949195272591685e-02
   1.3949195272591685e-02
   1.3949195272591685e-02
   1.3949195272591685e-02
   1.3949195272591685e-02
   1.3949195272591685e-02
   1.3949195272591685e-02
   1.3949195272591685e-02
   1.3949195272591685e-02
   1.3949195272591685e-02
   1.3949195272591685e-02
   1.3949195272591685e-02
   1.3949195272591685e-02
   1.3949195272591685e-02
   1.3949195272591685e-02
   1.3949195272591685e-02
   1.3949195272591685e-02
   1.3949195272591685e-02
   1.3949195272591685e-02
   1.3949195272591685e-02
   1.3949195272591685e-02
   1.3949195272591685e-02
   1.3949195272591685e-02
   1.3949195272591685e-02
   1.3949195272591685e-02
   1.3949195272591685e-02
   1.3949195272591685e-02
   1.3949195272591685e-02
   1.3949195272591685e-02
   1.3949195272591685e-02
   1.3949195272591685e-02
   1.3949195272591685e-02
   1.3949195272591685e-02
   1.3949195272591685e-02
   1.3949195272591685e-02
   1.3949195272591685e-02
   1.3949195272591685e-02
   1.3949195272591685e-02
   1.3949195272591685e-02
   1.3949195272591685e-02
   1.3949195272591685e-02
   1.8161794588463603e-02
   1.8161794588463603e-02
   1.8161794588463603e-02
   1.8161794588463603e-02
   1.8161794588463603e-02
   1.8161794588463603e-02
   1.8161794588463603e-02
   1.8161794588463603e-02
   1.8161794588463603e-02
   1.8161794588463603e-02
   1.8161794588463603e-02
   1.8161794588463603e-02
   1.8161794588463603e-02
   1.8161794588463603e-02
   1.8161794588463603e-02
   1.8161794588463603e-02
   1.8161794588463603e-02
   1.8161794588463603e-02
   1.8161794588463603e-02
   1.8161794588463603e-02
   1.8161794588463603e-02
   1.8161794588463603e-02
   1.8161794588463603e-02
   1.8161794588463603e-02
   1.8161794588463603e-02
   1.8161794588463603e-02
   1.8161794588463603e-02
   1.8161794588463603e-02
   1.8161794588463603e-02
   1.8161794588463603e-02
   1.8161794588463603e-02
   1.8161794588463603e-02
   1.8161794588463603e-02
   1.8161794588463603e-02
   1.8161794588463603e-02
   1.8161794588463603e-02
   1.8161794588463603e-02
   1.8161794588463603e-02
   1.8161794588463603e-02
   1.8161794588463603e-02
   1.8161794588463603e-02
   1.8161794588463603e-02
   1.8161794588463603e-02
   1.8161794588463603e-02
   1.8161794588463603e-02
   1.8161794588463603e-02
   1.8161794588463603e-02
   1.8161794588463603e-02
   1.4208973979914913e-02
   1.4208973979914913e-02
   1.4208973979914913e-02
   1.4208973979914913e-02
   1.4208973979914913e-02
   1.4208973979914913e-02
   1.4208973979914913e-02
   1.4208973979914913e-02
   1.4208973979914913e-02
   1.4208973979914913e-02
   1.4208973979914913e-02
   1.4208973979914913e-02
   1.4208973979914913e-02
   1.4208973979914913e-02
   1.4208973979914913e-02
   1.4208973979914913e-02
   1.4208973979914913e-02
   1.4208973979914913e-02
   1.4208973979914913e-02
   1.4208973979914913e-02
   1.4208973979914913e-02
   1.4208973979914913e-02
   1.4208973979914913e-02
   1.4208973979914913e-02
   1.4208973979914913e-02
   1.4208973979914913e-02
   1.4208973979914913e-02
   1.4208973979914913e-02
   1.4208973979914913e-02
   1.4208973979914913e-02
   1.4208973979914913e-02
   1.4208973979914913e-02
   1.4208973979914913e-02
   1.4208973979914913e-02
   1.4208973979914913e-02
   1.4208973979914913e-02
   1.4208973979914913e-02
   1.4208973979914913e-02
   1.4208973979914913e-02
   1.4208973979914913e-02
   1.4208973979914913e-02
   1.4208973979914913e-02
   1.4208973979914913e-02
   1.4208973979914913e-02
   1.4208973979914913e-02
   1.4208973979914913e-02
   1.4208973979914913e-02
   1.4208973979914913e-02
   1.7923943110636706e-02
   1.7923943110636706e-02
   1.7923943110636706e-02
   1.7923943110636706e-02
   1.7923943110636706e-02
   1.7923943110636706e-02
   1.7923943110636706e-02
   1.7923943110636706e-02
   1.7923943110636706e-02
   1.7923943110636706e-02
   1.7923943110636706e-02
   1.7923943110636706e-02
   1.7923943110636706e-02
   1.7923943110636706e-02
   1.7923943110636706e-02
   1.7923943110636706e-02
   1.7923943110636706e-02
   1.7923943110636706e-02
   1.7923943110636706e-02
   1.7923943110636706e-02
   1.7923943110636706e-02
   1.7923943110636706e-02
   1.7923943110636706e-02
   1.7923943110636706e-02
   1.7923943110636706e-02
   1.7923943110636706e-02
   1.7923943110636706e-02
   1.7923943110636706e-02
   1.7923943110636706e-02
   1.7923943110636706e-02
   1.7923943110636706e-02
   1.7923943110636706e-02
   1.7923943110636706e-02
   1.7923943110636706e-02
   1.7923943110636706e-02
   1.7923943110636706e-02
   1.7923943110636706e-02
   1.7923943110636706e-02
   1.7923943110636706e-02
   1.7923943110636706e-02
   1.7923943110636706e-02
   1.7923943110636706e-02
   1.7923943110636706e-02
   1.7923943110636706e-02
   1.7923943110636706e-02
   1.7923943110636706e-02
   1.7923943110636706e-02
   1.7923943110636706e-02
   1.4431078842623797e-02
   1.4431078842623797e-02
   1.4431078842623797e-02
   1.4431078842623797e-02
   1.4431078842623797e-02
   1.4431078842623797e-02
   1.4431078842623797e-02
   1.4431078842623797e-02
   1.4431078842623797e-02
   1.4431078842623797e-02
   1.4431078842623797e-02
   1.4431078842623797e-02
   1.4431078842623797e-02
   1.4431078842623797e-02
   1.4431078842623797e-02
   1.4431078842623797e-02
   1.4431078842623797e-02
   1.4431078842623797e-02
   1.4431078842623797e-02
   1.4431078842623797e-02
   1.4431078842623797e-02
   1.4431078842623797e-02
   1.4431078842623797e-02
   1.4431078842623797e-02
   1.4431078842623797e-02
   1.4431078842623797e-02
   1.4431078842623797e-02
   1.4431078842623797e-02
   1.4431078842623797e-02
   1.4431078842623797e-02
   1.4431078842623797e-02
   1.4431078842623797e-02
   1.4431078842623797e-02
   1.4431078842623797e-02
   1.4431078842623797e-02
   1.4431078842623797e-02
   1.4431078842623797e-02
   1.4431078842623797e-02
   1.4431078842623797e-02
   1.4431078842623797e-02
   1.4431078842623797e-02
   1.4431078842623797e-02
   1.4431078842623797e-02
   1.4431078842623797e-02
   1.4431078842623797e-02
   1.4431078842623797e-02
   1.4431078842623797e-02
   1.4431078842623797e-02
   1.7713331017974478e-02
   1.7713331017974478e-02
   1.7713331017974478e-02
   1.7713331017974478e-02
   1.7713331017974478e-02
   1.7713331017974478e-02
   1.7713331017974478e-02
   1.7713331017974478e-02
   1.7713331017974478e-02
   1.7713331017974478e-02
   1.7713331017974478e-02
   1.7713331017974478e-02
   1.7713331017974478e-02
   1.7713331017974478e-02
   1.7713331017974478e-02
   1.7713331017974478e-02
   1.7713331017974478e-02
   1.7713331017974478e-02
   1.7713331017974478e-02
   1.7713331017974478e-02
   1.7713331017974478e-02
   1.7713331017974478e-02
   1.7713331017974478e-02
   1.7713331017974478e-02
   1.7713331017974478e-02
   1.7713331017974478e-02
   1.7713331017974478e-02
   1.7713331017974478e-02
   1.7713331017974478e-02
   1.7713331017974478e-02
   1.7713331017974478e-02
   1.7713331017974478e-02
   1.7713331017974478e-02
   1.7713331017974478e-02
   1.7713331017974478e-02
   1.7713331017974478e-02
   1.7713331017974478e-02
   1.7713331017974478e-02
   1.7713331017974478e-02
   1.7713331017974478e-02
   1.7713331017974478e-02
   1.7713331017974478e-02
   1.7713331017974478e-02
   1.7713331017974478e-02
   1.7713331017974478e-02
   1.7713331017974478e-02
   1.7713331017974478e-02
   1.7713331017974478e-02
   1.4632928168619242e-02
   1.4632928168619242e-02
   1.4632928168619242e-02
   1.4632928168619242e-02
   1.4632928168619242e-02
   1.4632928168619242e-02
   1.4632928168619242e-02
   1.4632928168619242e-02
   1.4632928168619242e-02
   1.4632928168619242e-02
   1.4632928168619242e-02
   1.4632928168619242e-02
   1.4632928168619242e-02
   1.4632928168619242e-02
   1.4632928168619242e-02
   1.4632928168619242e-02
   1.4632928168619242e-02
   1.4632928168619242e-02
   1.4632928168619242e-02
   1.4632928168619242e-02
   1.4632928168619242e-02
   1.4632928168619242e-02
   1.4632928168619242e-02
   1.4632928168619242e-02
   1.4632928168619242e-02
   1.4632928168619242e-02
   1.4632928168619242e-02
   1.4632928168619242e-02
   1.4632928168619242e-02
   1.4632928168619242e-02
   1.4632928168619242e-02
   1.4632928168619242e-02
   1.4632928168619242e-02
   1.4632928168619242e-02
   1.4632928168619242e-02
   1.4632928168619242e-02
   1.4632928168619242e-02
   1.4632928168619242e-02
   1.4632928168619242e-02
   1.4632928168619242e-02
   1.4632928168619242e-02
   1.4632928168619242e-02
   1.4632928168619242e-02
   1.4632928168619242e-02
   1.4632928168619242e-02
   1.4632928168619242e-02
   1.4632928168619242e-02
   1.4632928168619242e-02
   1.7515412890418868e-02
   1.7515412890418868e-02
   1.7515412890418868e-02
   1.7515412890418868e-02
   1.7515412890418868e-02
   1.7515412890418868e-02
   1.7515412890418868e-02
   1.7515412890418868e-02
   1.7515412890418868e-02
   1.7515412890418868e-02
   1.7515412890418868e-02
   1.7515412890418868e-02
   1.7515412890418868e-02
   1.7515412890418868e-02
   1.7515412890418868e-02
   1.7515412890418868e-02
   1.7515412890418868e-02
   1.7515412890418868e-02
   1.7515412890418868e-02
   1.7515412890418868e-02
   1.7515412890418868e-02
   1.7515412890418868e-02
   1.7515412890418868e-02
   1.7515412890418868e-02
   1.7515412890418868e-02
   1.7515412890418868e-02
   1.7515412890418868e-02
   1.7515412890418868e-02
   1.7515412890418868e-02
   1.7515412890418868e-02
   1.7515412890418868e-02
   1.7515412890418868e-02
   1.7515412890418868e-02
   1.7515412890418868e-02
   1.7515412890418868e-02
   1.7515412890418868e-02
   1.7515412890418868e-02
   1.7515412890418868e-02
   1.7515412890418868e-02
   1.7515412890418868e-02
   1.7515412890418868e-02
   1.7515412890418868e-02
   1.7515412890418868e-02
   1.7515412890418868e-02
   1.7515412890418868e-02
   1.7515412890418868e-02
   1.7515412890418868e-02
   1.7515412890418868e-02
   1.4826950616339670e-02
   1.4826950616339670e-02
   1.4826950616339670e-02
   1.4826950616339670e-02
   1.4826950616339670e-02
   1.4826950616339670e-02
   1.4826950616339670e-02
   1.4826950616339670e-02
   1.4826950616339670e-02
   1.4826950616339670e-02
   1.4826950616339670e-02
   1.4826950616339670e-02
   1.4826950616339670e-02
   1.4826950616339670e-02
   1.4826950616339670e-02
   1.4826950616339670e-02
   1.4826950616339670e-02
   1.4826950616339670e-02
   1.4826950616339670e-02
   1.4826950616339670e-02
   1.4826950616339670e-02
   1.4826950616339670e-02
   1.4826950616339670e-02
   1.4826950616339670e-02
   1.4826950616339670e-02
   1.4826950616339670e-02
   1.4826950616339670e-02
   1.4826950616339670e-02
   1.4826950616339670e-02
   1.4826950616339670e-02
   1.4826950616339670e-02
   1.4826950616339670e-02
   1.4826950616339670e-02
   1.4826950616339670e-02
   1.4826950616339670e-02
   1.4826950616339670e-02
   1.4826950616339670e-02
   1.4826950616339670e-02
   1.4826950616339670e-02
   1.4826950616339670e-02
   1.4826950616339670e-02
   1.4826950616339670e-02
   1.4826950616339670e-02
   1.4826950616339670e-02
   1.4826950616339670e-02
   1.4826950616339670e-02
   1.4826950616339670e-02
   1.4826950616339670e-02
   1.7317794886118218e-02
   1.7317794886118218e-02
   1.7317794886118218e-02
   1.7317794886118218e-02
   1.7317794886118218e-02
   1.7317794886118218e-02
   1.7317794886118218e-02
   1.7317794886118218e-02
   1.7317794886118218e-02
   1.7317794886118218e-02
   1.7317794886118218e-02
   1.7317794886118218e-02
   1.7317794886118218e-02
   1.7317794886118218e-02
   1.7317794886118218e-02
   1.7317794886118218e-02
   1.7317794886118218e-02
   1.7317794886118218e-02
   1.7317794886118218e-02
   1.7317794886118218e-02
   1.7317794886118218e-02
   1.7317794886118218e-02
   1.7317794886118218e-02
   1.7317794886118218e-02
   1.7317794886118218e-02
   1.7317794886118218e-02
   1.7317794886118218e-02
   1.7317794886118218e-02
   1.7317794886118218e-02
   1.7317794886118218e-02
   1.7317794886118218e-02
   1.7317794886118218e-02
   1.7317794886118218e-02
   1.7317794886118218e-02
   1.7317794886118218e-02
   1.7317794886118218e-02
   1.7317794886118218e-02
   1.7317794886118218e-02
   1.7317794886118218e-02
   1.7317794886118218e-02
   1.7317794886118218e-02
   1.7317794886118218e-02
   1.7317794886118218e-02
   1.7317794886118218e-02
   1.7317794886118218e-02
   1.7317794886118218e-02
   1.7317794886118218e-02
   1.7317794886118218e-02
   1.5024375251623746e-02
   1.5024375251623746e-02
   1.5024375251623746e-02
   1.5024375251623746e-02
   1.5024375251623746e-02
   1.5024375251623746e-02
   1.5024375251623746e-02
   1.5024375251623746e-02
   1.5024375251623746e-02
   1.5024375251623746e-02
   1.5024375251623746e-02
   1.5024375251623746e-02
   1.5024375251623746e-02
   1.5024375251623746e-02
   1.5024375251623746e-02
   1.5024375251623746e-02
   1.5024375251623746e-02
   1.5024375251623746e-02
   1.5024375251623746e-02
   1.5024375251623746e-02
   1.5024375251623746e-02
   1.5024375251623746e-02
   1.5024375251623746e-02
   1.5024375251623746e-02
   1.5024375251623746e-02
   1.5024375251623746e-02
   1.5024375251623746e-02
   1.5024375251623746e-02
   1.5024375251623746e-02
   1.5024375251623746e-02
   1.5024375251623746e-02
   1.5024375251623746e-02
   1.5024375251623746e-02
   1.5024375251623746e-02
   1.5024375251623746e-02
   1.5024375251623746e-02
   1.5024375251623746e-02
   1.5024375251623746e-02
   1.5024375251623746e-02
   1.5024375251623746e-02
   1.5024375251623746e-02
   1.5024375251623746e-02
   1.5024375251623746e-02
   1.5024375251623746e-02
   1.5024375251623746e-02
   1.5024375251623746e-02
   1.5024375251623746e-02
   1.5024375251623746e-02
   1.7105183506703127e-02
   1.7105183506703127e-02
   1.7105183506703127e-02
   1.7105183506703127e-02
   1.7105183506703127e-02
   1.7105183506703127e-02
   1.7105183506703127e-02
   1.7105183506703127e-02
   1.7105183506703127e-02
   1.7105183506703127e-02
   1.7105183506703127e-02
   1.7105183506703127e-02
   1.7105183506703127e-02
   1.7105183506703127e-02
   1.7105183506703127e-02
   1.7105183506703127e-02
   1.7105183506703127e-02
   1.7105183506703127e-02
   1.7105183506703127e-02
   1.7105183506703127e-02
   1.7105183506703127e-02
   1.7105183506703127e-02
   1.7105183506703127e-02
   1.7105183506703127e-02
   1.7105183506703127e-02
   1.7105183506703127e-02
   1.7105183506703127e-02
   1.7105183506703127e-02
   1.7105183506703127e-02
   1.7105183506703127e-02
   1.7105183506703127e-02
   1.7105183506703127e-02
   1.7105183506703127e-02
   1.7105183506703127e-02
   1.7105183506703127e-02
   1.7105183506703127e-02
   1.7105183506703127e-02
   1.7105183506703127e-02
   1.7105183506703127e-02
   1.7105183506703127e-02
   1.7105183506703127e-02
   1.7105183506703127e-02
   1.7105183506703127e-02
   1.7105183506703127e-02
   1.7105183506703127e-02
   1.7105183506703127e-02
   1.7105183506703127e-02
   1.7105183506703127e-02
   1.5237977318125378e-02
   1.5237977318125378e-02
   1.5237977318125378e-02
   1.5237977318125378e-02
   1.5237977318125378e-02
   1.5237977318125378e-02
   1.5237977318125378e-02
   1.5237977318125378e-02
   1.5237977318125378e-02
   1.5237977318125378e-02
   1.5237977318125378e-02
   1.5237977318125378e-02
   1.5237977318125378e-02
   1.5237977318125378e-02
   1.5237977318125378e-02
   1.5237977318125378e-02
   1.5237977318125378e-02
   1.5237977318125378e-02
   1.5237977318125378e-02
   1.5237977318125378e-02
   1.5237977318125378e-02
   1.5237977318125378e-02
   1.5237977318125378e-02
   1.5237977318125378e-02
   1.5237977318125378e-02
   1.5237977318125378e-02
   1.5237977318125378e-02
   1.5237977318125378e-02
   1.5237977318125378e-02
   1.5237977318125378e-02
   1.5237977318125378e-02
   1.5237977318125378e-02
   1.5237977318125378e-02
   1.5237977318125378e-02
   1.5237977318125378e-02
   1.5237977318125378e-02
   1.5237977318125378e-02
   1.5237977318125378e-02
   1.5237977318125378e-02
   1.5237977318125378e-02
   1.5237977318125378e-02
   1.5237977318125378e-02
   1.5237977318125378e-02
   1.5237977318125378e-02
   1.5237977318125378e-02
   1.5237977318125378e-02
   1.5237977318125378e-02
   1.5237977318125378e-02
   1.6844239430270306e-02
   1.6844239430270306e-02
   1.6844239430270306e-02
   1.6844239430270306e-02
   1.6844239430270306e-02
   1.6844239430270306e-02
   1.6844239430270306e-02
   1.6844239430270306e-02
   1.6844239430270306e-02
   1.6844239430270306e-02
   1.6844239430270306e-02
   1.6844239430270306e-02
   1.6844239430270306e-02
   1.6844239430270306e-02
   1.6844239430270306e-02
   1.6844239430270306e-02
   1.6844239430270306e-02
   1.6844239430270306e-02
   1.6844239430270306e-02
   1.6844239430270306e-02
   1.6844239430270306e-02
   1.6844239430270306e-02
   1.6844239430270306e-02
   1.6844239430270306e-02
   1.6844239430270306e-02
   1.6844239430270306e-02
   1.6844239430270306e-02
   1.6844239430270306e-02
   1.6844239430270306e-02
   1.6844239430270306e-02
   1.6844239430270306e-02
   1.6844239430270306e-02
   1.6844239430270306e-02
   1.6844239430270306e-02
   1.6844239430270306e-02
   1.6844239430270306e-02
   1.6844239430270306e-02
   1.6844239430270306e-02
   1.6844239430270306e-02
   1.6844239430270306e-02
   1.6844239430270306e-02
   1.6844239430270306e-02
   1.6844239430270306e-02
   1.6844239430270306e-02
   1.6844239430270306e-02
   1.6844239430270306e-02
   1.6844239430270306e-02
   1.6844239430270306e-02
   1.5470284655685194e-02
   1.5470284655685194e-02
   1.5470284655685194e-02
   1.5470284655685194e-02
   1.5470284655685194e-02
   1.5470284655685194e-02
   1.5470284655685194e-02
   1.5470284655685194e-02
   1.5470284655685194e-02
   1.5470284655685194e-02
   1.5470284655685194e-02
   1.5470284655685194e-02
   1.5470284655685194e-02
   1.5470284655685194e-02
   1.5470284655685194e-02
   1.5470284655685194e-02
   1.5470284655685194e-02
   1.5470284655685194e-02
   1.5470284655685194e-02
   1.5470284655685194e-02
   1.5470284655685194e-02
   1.5470284655685194e-02
   1.5470284655685194e-02
   1.5470284655685194e-02
   1.5470284655685194e-02
   1.5470284655685194e-02
   1.5470284655685194e-02
   1.5470284655685194e-02
   1.5470284655685194e-02
   1.5470284655685194e-02
   1.5470284655685194e-02
   1.5470284655685194e-02
   1.5470284655685194e-02
   1.5470284655685194e-02
   1.5470284655685194e-02
   1.5470284655685194e-02
   1.5470284655685194e-02
   1.5470284655685194e-02
   1.5470284655685194e-02
   1.5470284655685194e-02
   1.5470284655685194e-02
   1.5470284655685194e-02
   1.5470284655685194e-02
   1.5470284655685194e-02
   1.5470284655685194e-02
   1.5470284655685194e-02
   1.5470284655685194e-02
   1.5470284655685194e-02
   1.6227014878633358e-02
   1.6227014878633358e-02
   1.6227014878633358e-02
   1.6227014878633358e-02
   1.6227014878633358e-02
   1.6227014878633358e-02
   1.6227014878633358e-02
   1.6227014878633358e-02
   1.6227014878633358e-02
   1.6227014878633358e-02
   1.6227014878633358e-02
   1.6227014878633358e-02
   1.6227014878633358e-02
   1.6227014878633358e-02
   1.6227014878633358e-02
   1.6227014878633358e-02
   1.6227014878633358e-02
   1.6227014878633358e-02
   1.6227014878633358e-02
   1.6227014878633358e-02
   1.6227014878633358e-02
   1.6227014878633358e-02
   1.6227014878633358e-02
   1.6227014878633358e-02
   1.6227014878633358e-02
   1.6227014878633358e-02
   1.6227014878633358e-02
   1.6227014878633358e-02
   1.6227014878633358e-02
   1.6227014878633358e-02
   1.6227014878633358e-02
   1.6227014878633358e-02
   1.6227014878633358e-02
   1.6227014878633358e-02
   1.6227014878633358e-02
   1.6227014878633358e-02
   1.6227014878633358e-02
   1.6227014878633358e-02
   1.6227014878633358e-02
   1.6227014878633358e-02
   1.6227014878633358e-02
   1.6227014878633358e-02
   1.6227014878633358e-02
   1.6227014878633358e-02
   1.6227014878633358e-02
   1.6227014878633358e-02
   1.6227014878633358e-02
   1.6227014878633358e-02
