   5.0884175341303087e-02
   5.0884175341303087e-02
   5.0884175341303087e-02
   5.0884175341303087e-02
   5.0884175341303087e-02
   5.0884175341303087e-02
   5.0884175341303087e-02
   5.0884175341303087e-02
   5.0884175341303087e-02
   5.0884175341303087e-02
   5.0884175341303087e-02
   5.0884175341303087e-02
   5.0884175341303087e-02
   5.0884175341303087e-02
   5.0884175341303087e-02
   5.0884175341303087e-02
   5.0884175341303087e-02
   5.0884175341303087e-02
   5.0884175341303087e-02
   5.0884175341303087e-02
   5.0884175341303087e-02
   5.0884175341303087e-02
   5.0884175341303087e-02
   5.0884175341303087e-02
   5.0884175341303087e-02
   5.0884175341303087e-02
   5.0884175341303087e-02
   5.0884175341303087e-02
   5.0884175341303087e-02
   5.0884175341303087e-02
   5.0884175341303087e-02
   5.0884175341303087e-02
   2.3530229532863576e-02
   2.3530229532863576e-02
   2.3530229532863576e-02
   2.3530229532863576e-02
   2.3530229532863576e-02
   2.3530229532863576e-02
   2.3530229532863576e-02
   2.3530229532863576e-02
   2.3530229532863576e-02
   2.3530229532863576e-02
   2.3530229532863576e-02
   2.3530229532863576e-02
   2.3530229532863576e-02
   2.3530229532863576e-02
   2.3530229532863576e-02
   2.3530229532863576e-02
   2.3530229532863576e-02
   2.3530229532863576e-02
   2.3530229532863576e-02
   2.3530229532863576e-02
   2.3530229532863576e-02
   2.3530229532863576e-02
   2.3530229532863576e-02
   2.3530229532863576e-02
   2.3530229532863576e-02
   2.3530229532863576e-02
   2.3530229532863576e-02
   2.3530229532863576e-02
   2.3530229532863576e-02
   2.3530229532863576e-02
   2.3530229532863576e-02
   2.3530229532863576e-02
   4.4523575170026163e-02
   4.4523575170026163e-02
   4.4523575170026163e-02
   4.4523575170026163e-02
   4.4523575170026163e-02
   4.4523575170026163e-02
   4.4523575170026163e-02
   4.4523575170026163e-02
   4.4523575170026163e-02
   4.4523575170026163e-02
   4.4523575170026163e-02
   4.4523575170026163e-02
   4.4523575170026163e-02
   4.4523575170026163e-02
   4.4523575170026163e-02
   4.4523575170026163e-02
   4.4523575170026163e-02
   4.4523575170026163e-02
   4.4523575170026163e-02
   4.4523575170026163e-02
   4.4523575170026163e-02
   4.4523575170026163e-02
   4.4523575170026163e-02
   4.4523575170026163e-02
   4.4523575170026163e-02
   4.4523575170026163e-02
   4.4523575170026163e-02
   4.4523575170026163e-02
   4.4523575170026163e-02
   4.4523575170026163e-02
   4.4523575170026163e-02
   4.4523575170026163e-02
   2.7239656845415135e-02
   2.7239656845415135e-02
   2.7239656845415135e-02
   2.7239656845415135e-02
   2.7239656845415135e-02
   2.7239656845415135e-02
   2.7239656845415135e-02
   2.7239656845415135e-02
   2.7239656845415135e-02
   2.7239656845415135e-02
   2.7239656845415135e-02
   2.7239656845415135e-02
   2.7239656845415135e-02
   2.7239656845415135e-02
   2.7239656845415135e-02
   2.7239656845415135e-02
   2.7239656845415135e-02
   2.7239656845415135e-02
   2.7239656845415135e-02
   2.7239656845415135e-02
   2.7239656845415135e-02
   2.7239656845415135e-02
   2.7239656845415135e-02
   2.7239656845415135e-02
   2.7239656845415135e-02
   2.7239656845415135e-02
   2.7239656845415135e-02
   2.7239656845415135e-02
   2.7239656845415135e-02
   2.7239656845415135e-02
   2.7239656845415135e-02
   2.7239656845415135e-02
   4.2240448227431213e-02
   4.2240448227431213e-02
   4.2240448227431213e-02
   4.2240448227431213e-02
   4.2240448227431213e-02
   4.2240448227431213e-02
   4.2240448227431213e-02
   4.2240448227431213e-02
   4.2240448227431213e-02
   4.2240448227431213e-02
   4.2240448227431213e-02
   4.2240448227431213e-02
   4.2240448227431213e-02
   4.2240448227431213e-02
   4.2240448227431213e-02
   4.2240448227431213e-02
   4.2240448227431213e-02
   4.2240448227431213e-02
   4.2240448227431213e-02
   4.2240448227431213e-02
   4.2240448227431213e-02
   4.2240448227431213e-02
   4.2240448227431213e-02
   4.2240448227431213e-02
   4.2240448227431213e-02
   4.2240448227431213e-02
   4.2240448227431213e-02
   4.2240448227431213e-02
   4.2240448227431213e-02
   4.2240448227431213e-02
   4.2240448227431213e-02
   4.2240448227431213e-02
   2.8941427104112339e-02
   2.8941427104112339e-02
   2.8941427104112339e-02
   2.8941427104112339e-02
   2.8941427104112339e-02
   2.8941427104112339e-02
   2.8941427104112339e-02
   2.8941427104112339e-02
   2.8941427104112339e-02
   2.8941427104112339e-02
   2.8941427104112339e-02
   2.8941427104112339e-02
   2.8941427104112339e-02
   2.8941427104112339e-02
   2.8941427104112339e-02
   2.8941427104112339e-02
   2.8941427104112339e-02
   2.8941427104112339e-02
   2.8941427104112339e-02
   2.8941427104112339e-02
   2.8941427104112339e-02
   2.8941427104112339e-02
   2.8941427104112339e-02
   2.8941427104112339e-02
   2.8941427104112339e-02
   2.8941427104112339e-02
   2.8941427104112339e-02
   2.8941427104112339e-02
   2.8941427104112339e-02
   2.8941427104112339e-02
   2.8941427104112339e-02
   2.8941427104112339e-02
   4.0927737797293126e-02
   4.0927737797293126e-02
   4.0927737797293126e-02
   4.0927737797293126e-02
   4.0927737797293126e-02
   4.0927737797293126e-02
   4.0927737797293126e-02
   4.0927737797293126e-02
   4.0927737797293126e-02
   4.0927737797293126e-02
   4.0927737797293126e-02
   4.0927737797293126e-02
   4.0927737797293126e-02
   4.0927737797293126e-02
   4.0927737797293126e-02
   4.0927737797293126e-02
   4.0927737797293126e-02
   4.0927737797293126e-02
   4.0927737797293126e-02
   4.0927737797293126e-02
   4.0927737797293126e-02
   4.0927737797293126e-02
   4.0927737797293126e-02
   4.0927737797293126e-02
   4.0927737797293126e-02
   4.0927737797293126e-02
   4.0927737797293126e-02
   4.0927737797293126e-02
   4.0927737797293126e-02
   4.0927737797293126e-02
   4.0927737797293126e-02
   4.0927737797293126e-02
   3.0042397416145235e-02
   3.0042397416145235e-02
   3.0042397416145235e-02
   3.0042397416145235e-02
   3.0042397416145235e-02
   3.0042397416145235e-02
   3.0042397416145235e-02
   3.0042397416145235e-02
   3.0042397416145235e-02
   3.0042397416145235e-02
   3.0042397416145235e-02
   3.0042397416145235e-02
   3.0042397416145235e-02
   3.0042397416145235e-02
   3.0042397416145235e-02
   3.0042397416145235e-02
   3.0042397416145235e-02
   3.0042397416145235e-02
   3.0042397416145235e-02
   3.0042397416145235e-02
   3.0042397416145235e-02
   3.0042397416145235e-02
   3.0042397416145235e-02
   3.0042397416145235e-02
   3.0042397416145235e-02
   3.0042397416145235e-02
   3.0042397416145235e-02
   3.0042397416145235e-02
   3.0042397416145235e-02
   3.0042397416145235e-02
   3.0042397416145235e-02
   3.0042397416145235e-02
   3.9979465025712764e-02
   3.9979465025712764e-02
   3.9979465025712764e-02
   3.9979465025712764e-02
   3.9979465025712764e-02
   3.9979465025712764e-02
   3.9979465025712764e-02
   3.9979465025712764e-02
   3.9979465025712764e-02
   3.9979465025712764e-02
   3.9979465025712764e-02
   3.9979465025712764e-02
   3.9979465025712764e-02
   3.9979465025712764e-02
   3.9979465025712764e-02
   3.9979465025712764e-02
   3.9979465025712764e-02
   3.9979465025712764e-02
   3.9979465025712764e-02
   3.9979465025712764e-02
   3.9979465025712764e-02
   3.9979465025712764e-02
   3.9979465025712764e-02
   3.9979465025712764e-02
   3.9979465025712764e-02
   3.9979465025712764e-02
   3.9979465025712764e-02
   3.9979465025712764e-02
   3.9979465025712764e-02
   3.9979465025712764e-02
   3.9979465025712764e-02
   3.9979465025712764e-02
   3.0896828726776262e-02
   3.0896828726776262e-02
   3.0896828726776262e-02
   3.0896828726776262e-02
   3.0896828726776262e-02
   3.0896828726776262e-02
   3.0896828726776262e-02
   3.0896828726776262e-02
   3.0896828726776262e-02
   3.0896828726776262e-02
   3.0896828726776262e-02
   3.0896828726776262e-02
   3.0896828726776262e-02
   3.0896828726776262e-02
   3.0896828726776262e-02
   3.0896828726776262e-02
   3.0896828726776262e-02
   3.0896828726776262e-02
   3.0896828726776262e-02
   3.0896828726776262e-02
   3.0896828726776262e-02
   3.0896828726776262e-02
   3.0896828726776262e-02
   3.0896828726776262e-02
   3.0896828726776262e-02
   3.0896828726776262e-02
   3.0896828726776262e-02
   3.0896828726776262e-02
   3.0896828726776262e-02
   3.0896828726776262e-02
   3.0896828726776262e-02
   3.0896828726776262e-02
   3.9183758363810904e-02
   3.9183758363810904e-02
   3.9183758363810904e-02
   3.9183758363810904e-02
   3.9183758363810904e-02
   3.9183758363810904e-02
   3.9183758363810904e-02
   3.9183758363810904e-02
   3.9183758363810904e-02
   3.9183758363810904e-02
   3.9183758363810904e-02
   3.9183758363810904e-02
   3.9183758363810904e-02
   3.9183758363810904e-02
   3.9183758363810904e-02
   3.9183758363810904e-02
   3.9183758363810904e-02
   3.9183758363810904e-02
   3.9183758363810904e-02
   3.9183758363810904e-02
   3.9183758363810904e-02
   3.9183758363810904e-02
   3.9183758363810904e-02
   3.9183758363810904e-02
   3.9183758363810904e-02
   3.9183758363810904e-02
   3.9183758363810904e-02
   3.9183758363810904e-02
   3.9183758363810904e-02
   3.9183758363810904e-02
   3.9183758363810904e-02
   3.9183758363810904e-02
   3.1652507283024989e-02
   3.1652507283024989e-02
   3.1652507283024989e-02
   3.1652507283024989e-02
   3.1652507283024989e-02
   3.1652507283024989e-02
   3.1652507283024989e-02
   3.1652507283024989e-02
   3.1652507283024989e-02
   3.1652507283024989e-02
   3.1652507283024989e-02
   3.1652507283024989e-02
   3.1652507283024989e-02
   3.1652507283024989e-02
   3.1652507283024989e-02
   3.1652507283024989e-02
   3.1652507283024989e-02
   3.1652507283024989e-02
   3.1652507283024989e-02
   3.1652507283024989e-02
   3.1652507283024989e-02
   3.1652507283024989e-02
   3.1652507283024989e-02
   3.1652507283024989e-02
   3.1652507283024989e-02
   3.1652507283024989e-02
   3.1652507283024989e-02
   3.1652507283024989e-02
   3.1652507283024989e-02
   3.1652507283024989e-02
   3.1652507283024989e-02
   3.1652507283024989e-02
   3.8423785875756428e-02
   3.8423785875756428e-02
   3.8423785875756428e-02
   3.8423785875756428e-02
   3.8423785875756428e-02
   3.8423785875756428e-02
   3.8423785875756428e-02
   3.8423785875756428e-02
   3.8423785875756428e-02
   3.8423785875756428e-02
   3.8423785875756428e-02
   3.8423785875756428e-02
   3.8423785875756428e-02
   3.8423785875756428e-02
   3.8423785875756428e-02
   3.8423785875756428e-02
   3.8423785875756428e-02
   3.8423785875756428e-02
   3.8423785875756428e-02
   3.8423785875756428e-02
   3.8423785875756428e-02
   3.8423785875756428e-02
   3.8423785875756428e-02
   3.8423785875756428e-02
   3.8423785875756428e-02
   3.8423785875756428e-02
   3.8423785875756428e-02
   3.8423785875756428e-02
   3.8423785875756428e-02
   3.8423785875756428e-02
   3.8423785875756428e-02
   3.8423785875756428e-02
   3.2402800254802237e-02
   3.2402800254802237e-02
   3.2402800254802237e-02
   3.2402800254802237e-02
   3.2402800254802237e-02
   3.2402800254802237e-02
   3.2402800254802237e-02
   3.2402800254802237e-02
   3.2402800254802237e-02
   3.2402800254802237e-02
   3.2402800254802237e-02
   3.2402800254802237e-02
   3.2402800254802237e-02
   3.2402800254802237e-02
   3.2402800254802237e-02
   3.2402800254802237e-02
   3.2402800254802237e-02
   3.2402800254802237e-02
   3.2402800254802237e-02
   3.2402800254802237e-02
   3.2402800254802237e-02
   3.2402800254802237e-02
   3.2402800254802237e-02
   3.2402800254802237e-02
   3.2402800254802237e-02
   3.2402800254802237e-02
   3.2402800254802237e-02
   3.2402800254802237e-02
   3.2402800254802237e-02
   3.2402800254802237e-02
   3.2402800254802237e-02
   3.2402800254802237e-02
   3.7569996331160614e-02
   3.7569996331160614e-02
   3.7569996331160614e-02
   3.7569996331160614e-02
   3.7569996331160614e-02
   3.7569996331160614e-02
   3.7569996331160614e-02
   3.7569996331160614e-02
   3.7569996331160614e-02
   3.7569996331160614e-02
   3.7569996331160614e-02
   3.7569996331160614e-02
   3.7569996331160614e-02
   3.7569996331160614e-02
   3.7569996331160614e-02
   3.7569996331160614e-02
   3.7569996331160614e-02
   3.7569996331160614e-02
   3.7569996331160614e-02
   3.7569996331160614e-02
   3.7569996331160614e-02
   3.7569996331160614e-02
   3.7569996331160614e-02
   3.7569996331160614e-02
   3.7569996331160614e-02
   3.7569996331160614e-02
   3.7569996331160614e-02
   3.7569996331160614e-02
   3.7569996331160614e-02
   3.7569996331160614e-02
   3.7569996331160614e-02
   3.7569996331160614e-02
   3.3215800765871398e-02
   3.3215800765871398e-02
   3.3215800765871398e-02
   3.3215800765871398e-02
   3.3215800765871398e-02
   3.3215800765871398e-02
   3.3215800765871398e-02
   3.3215800765871398e-02
   3.3215800765871398e-02
   3.3215800765871398e-02
   3.3215800765871398e-02
   3.3215800765871398e-02
   3.3215800765871398e-02
   3.3215800765871398e-02
   3.3215800765871398e-02
   3.3215800765871398e-02
   3.3215800765871398e-02
   3.3215800765871398e-02
   3.3215800765871398e-02
   3.3215800765871398e-02
   3.3215800765871398e-02
   3.3215800765871398e-02
   3.3215800765871398e-02
   3.3215800765871398e-02
   3.3215800765871398e-02
   3.3215800765871398e-02
   3.3215800765871398e-02
   3.3215800765871398e-02
   3.3215800765871398e-02
   3.3215800765871398e-02
   3.3215800765871398e-02
   3.3215800765871398e-02
   3.5852423349361846e-02
   3.5852423349361846e-02
   3.5852423349361846e-02
   3.5852423349361846e-02
   3.5852423349361846e-02
   3.5852423349361846e-02
   3.5852423349361846e-02
   3.5852423349361846e-02
   3.5852423349361846e-02
   3.5852423349361846e-02
   3.5852423349361846e-02
   3.5852423349361846e-02
   3.5852423349361846e-02
   3.5852423349361846e-02
   3.5852423349361846e-02
   3.5852423349361846e-02
   3.5852423349361846e-02
   3.5852423349361846e-02
   3.5852423349361846e-02
   3.5852423349361846e-02
   3.5852423349361846e-02
   3.5852423349361846e-02
   3.5852423349361846e-02
   3.5852423349361846e-02
   3.5852423349361846e-02
   3.5852423349361846e-02
   3.5852423349361846e-02
   3.5852423349361846e-02
   3.5852423349361846e-02
   3.5852423349361846e-02
   3.5852423349361846e-02
   3.5852423349361846e-02
