   1.8728143385943050e-01
   1.8728143385943050e-01
   1.8728143385943050e-01
   1.8728143385943050e-01
   1.8728143385943050e-01
   1.8728143385943050e-01
   1.8728143385943050e-01
   1.8728143385943050e-01
   1.8728143385943050e-01
   1.8728143385943050e-01
   1.8728143385943050e-01
   1.8728143385943050e-01
   1.8728143385943050e-01
   1.8728143385943050e-01
   1.8728143385943050e-01
   1.8728143385943050e-01
   8.7102094298309660e-02
   8.7102094298309660e-02
   8.7102094298309660e-02
   8.7102094298309660e-02
   8.7102094298309660e-02
   8.7102094298309660e-02
   8.7102094298309660e-02
   8.7102094298309660e-02
   8.7102094298309660e-02
   8.7102094298309660e-02
   8.7102094298309660e-02
   8.7102094298309660e-02
   8.7102094298309660e-02
   8.7102094298309660e-02
   8.7102094298309660e-02
   8.7102094298309660e-02
   1.6307653081467668e-01
   1.6307653081467668e-01
   1.6307653081467668e-01
   1.6307653081467668e-01
   1.6307653081467668e-01
   1.6307653081467668e-01
   1.6307653081467668e-01
   1.6307653081467668e-01
   1.6307653081467668e-01
   1.6307653081467668e-01
   1.6307653081467668e-01
   1.6307653081467668e-01
   1.6307653081467668e-01
   1.6307653081467668e-01
   1.6307653081467668e-01
   1.6307653081467668e-01
   1.0177838948623150e-01
   1.0177838948623150e-01
   1.0177838948623150e-01
   1.0177838948623150e-01
   1.0177838948623150e-01
   1.0177838948623150e-01
   1.0177838948623150e-01
   1.0177838948623150e-01
   1.0177838948623150e-01
   1.0177838948623150e-01
   1.0177838948623150e-01
   1.0177838948623150e-01
   1.0177838948623150e-01
   1.0177838948623150e-01
   1.0177838948623150e-01
   1.0177838948623150e-01
   1.5331248355005528e-01
   1.5331248355005528e-01
   1.5331248355005528e-01
   1.5331248355005528e-01
   1.5331248355005528e-01
   1.5331248355005528e-01
   1.5331248355005528e-01
   1.5331248355005528e-01
   1.5331248355005528e-01
   1.5331248355005528e-01
   1.5331248355005528e-01
   1.5331248355005528e-01
   1.5331248355005528e-01
   1.5331248355005528e-01
   1.5331248355005528e-01
   1.5331248355005528e-01
   1.0967039108020479e-01
   1.0967039108020479e-01
   1.0967039108020479e-01
   1.0967039108020479e-01
   1.0967039108020479e-01
   1.0967039108020479e-01
   1.0967039108020479e-01
   1.0967039108020479e-01
   1.0967039108020479e-01
   1.0967039108020479e-01
   1.0967039108020479e-01
   1.0967039108020479e-01
   1.0967039108020479e-01
   1.0967039108020479e-01
   1.0967039108020479e-01
   1.0967039108020479e-01
   1.4613768087679971e-01
   1.4613768087679971e-01
   1.4613768087679971e-01
   1.4613768087679971e-01
   1.4613768087679971e-01
   1.4613768087679971e-01
   1.4613768087679971e-01
   1.4613768087679971e-01
   1.4613768087679971e-01
   1.4613768087679971e-01
   1.4613768087679971e-01
   1.4613768087679971e-01
   1.4613768087679971e-01
   1.4613768087679971e-01
   1.4613768087679971e-01
   1.4613768087679971e-01
   1.1636461651781978e-01
   1.1636461651781978e-01
   1.1636461651781978e-01
   1.1636461651781978e-01
   1.1636461651781978e-01
   1.1636461651781978e-01
   1.1636461651781978e-01
   1.1636461651781978e-01
   1.1636461651781978e-01
   1.1636461651781978e-01
   1.1636461651781978e-01
   1.1636461651781978e-01
   1.1636461651781978e-01
   1.1636461651781978e-01
   1.1636461651781978e-01
   1.1636461651781978e-01
   1.3587331216590418e-01
   1.3587331216590418e-01
   1.3587331216590418e-01
   1.3587331216590418e-01
   1.3587331216590418e-01
   1.3587331216590418e-01
   1.3587331216590418e-01
   1.3587331216590418e-01
   1.3587331216590418e-01
   1.3587331216590418e-01
   1.3587331216590418e-01
   1.3587331216590418e-01
   1.3587331216590418e-01
   1.3587331216590418e-01
   1.3587331216590418e-01
   1.3587331216590418e-01
