   1.3696798058530466e-01
   1.3433617924462224e-01
   1.2654191387216626e-01
   1.1388471371512580e-01
   9.6850987877296318e-02
   7.6095332890002074e-02
   5.2415376934499373e-02
   2.6721127438285898e-02
   8.3868699504735086e-18
  -2.6721127438285881e-02
  -5.2415376934499359e-02
  -7.6095332890002018e-02
  -9.6850987877296305e-02
  -1.1388471371512582e-01
  -1.2654191387216626e-01
  -1.3433617924462224e-01
  -1.3696798058530466e-01
  -1.3433617924462224e-01
  -1.2654191387216629e-01
  -1.1388471371512583e-01
  -9.6850987877296332e-02
  -7.6095332890002060e-02
  -5.2415376934499443e-02
  -2.6721127438285943e-02
  -2.5160609851420523e-17
   2.6721127438285894e-02
   5.2415376934499394e-02
   7.6095332890002004e-02
   9.6850987877296291e-02
   1.1388471371512580e-01
   1.2654191387216623e-01
   1.3433617924462224e-01
   3.1018712466780707e-01
   3.0422696604478694e-01
   2.8657553572911382e-01
   2.5791116828878280e-01
   2.1933541928936340e-01
   1.7233073313137401e-01
   1.1870347354333444e-01
   6.0514506036699424e-02
   1.8993483468057547e-17
  -6.0514506036699382e-02
  -1.1870347354333440e-01
  -1.7233073313137390e-01
  -2.1933541928936337e-01
  -2.5791116828878285e-01
  -2.8657553572911382e-01
  -3.0422696604478694e-01
  -3.1018712466780707e-01
  -3.0422696604478694e-01
  -2.8657553572911387e-01
  -2.5791116828878285e-01
  -2.1933541928936345e-01
  -1.7233073313137395e-01
  -1.1870347354333459e-01
  -6.0514506036699528e-02
  -5.6980450404172635e-17
   6.0514506036699417e-02
   1.1870347354333449e-01
   1.7233073313137387e-01
   2.1933541928936334e-01
   2.5791116828878280e-01
   2.8657553572911376e-01
   3.0422696604478694e-01
   4.7453032805712103e-01
   4.6541236086334037e-01
   4.3840885764784049e-01
   3.9455754789545405e-01
   3.3554361284786732e-01
   2.6363492493356305e-01
   1.8159489470223117e-01
   9.2576274507082765e-02
   2.9056602367674838e-17
  -9.2576274507082695e-02
  -1.8159489470223111e-01
  -2.6363492493356289e-01
  -3.3554361284786727e-01
  -3.9455754789545405e-01
  -4.3840885764784049e-01
  -4.6541236086334037e-01
  -4.7453032805712103e-01
  -4.6541236086334037e-01
  -4.3840885764784054e-01
  -3.9455754789545411e-01
  -3.3554361284786738e-01
  -2.6363492493356300e-01
  -1.8159489470223142e-01
  -9.2576274507082917e-02
  -8.7169807103024502e-17
   9.2576274507082751e-02
   1.8159489470223125e-01
   2.6363492493356283e-01
   3.3554361284786721e-01
   3.9455754789545405e-01
   4.3840885764784043e-01
   4.6541236086334031e-01
   6.2388769960080992e-01
   6.1189987239310673e-01
   5.7639707624673842e-01
   5.1874366370741221e-01
   4.4115522308660843e-01
   3.4661343464528560e-01
   2.3875148629359802e-01
   1.2171445221702355e-01
   3.8202103717176866e-17
  -1.2171445221702346e-01
  -2.3875148629359796e-01
  -3.4661343464528538e-01
  -4.4115522308660837e-01
  -5.1874366370741232e-01
  -5.7639707624673842e-01
  -6.1189987239310673e-01
  -6.2388769960080992e-01
  -6.1189987239310673e-01
  -5.7639707624673842e-01
  -5.1874366370741232e-01
  -4.4115522308660848e-01
  -3.4661343464528555e-01
  -2.3875148629359835e-01
  -1.2171445221702376e-01
  -1.1460631115153059e-16
   1.2171445221702352e-01
   2.3875148629359813e-01
   3.4661343464528532e-01
   4.4115522308660826e-01
   5.1874366370741221e-01
   5.7639707624673819e-01
   6.1189987239310673e-01
   7.5330514821987904e-01
   7.3883060102603115e-01
   6.9596320817572743e-01
   6.2635033953589425e-01
   5.3266717860901380e-01
   4.1851391673138422e-01
   2.8827739973907607e-01
   1.4696254394262348e-01
   4.6126636927434868e-17
  -1.4696254394262337e-01
  -2.8827739973907596e-01
  -4.1851391673138399e-01
  -5.3266717860901369e-01
  -6.2635033953589425e-01
  -6.9596320817572743e-01
  -7.3883060102603115e-01
  -7.5330514821987904e-01
  -7.3883060102603115e-01
  -6.9596320817572754e-01
  -6.2635033953589436e-01
  -5.3266717860901391e-01
  -4.1851391673138416e-01
  -2.8827739973907646e-01
  -1.4696254394262373e-01
  -1.3837991078230459e-16
   1.4696254394262345e-01
   2.8827739973907618e-01
   4.1851391673138388e-01
   5.3266717860901358e-01
   6.2635033953589425e-01
   6.9596320817572721e-01
   7.3883060102603104e-01
   8.5857347570372766e-01
   8.4207622711485663e-01
   7.9321846135975049e-01
   7.1387775497662720e-01
   6.0710312681700940e-01
   4.7699786596116983e-01
   3.2856184461992755e-01
   1.6749937584954677e-01
   5.2572462942669393e-17
  -1.6749937584954663e-01
  -3.2856184461992749e-01
  -4.7699786596116955e-01
  -6.0710312681700929e-01
  -7.1387775497662731e-01
  -7.9321846135975049e-01
  -8.4207622711485663e-01
  -8.5857347570372766e-01
  -8.4207622711485663e-01
  -7.9321846135975060e-01
  -7.1387775497662742e-01
  -6.0710312681700951e-01
  -4.7699786596116972e-01
  -3.2856184461992799e-01
  -1.6749937584954705e-01
  -1.5771738882800817e-16
   1.6749937584954674e-01
   3.2856184461992771e-01
   4.7699786596116944e-01
   6.0710312681700918e-01
   7.1387775497662720e-01
   7.9321846135975027e-01
   8.4207622711485663e-01
   9.3628854972229592e-01
   9.1829802777771596e-01
   8.6501782761310542e-01
   7.7849547744090974e-01
   6.6205598265595345e-01
   5.2017404774280140e-01
   3.5830211589186028e-01
   1.8266083466533650e-01
   5.7331138774786359e-17
  -1.8266083466533636e-01
  -3.5830211589186017e-01
  -5.2017404774280107e-01
  -6.6205598265595333e-01
  -7.7849547744090986e-01
  -8.6501782761310542e-01
  -9.1829802777771596e-01
  -9.3628854972229592e-01
  -9.1829802777771596e-01
  -8.6501782761310553e-01
  -7.7849547744090997e-01
  -6.6205598265595356e-01
  -5.2017404774280129e-01
  -3.5830211589186073e-01
  -1.8266083466533681e-01
  -1.7199341632435905e-16
   1.8266083466533647e-01
   3.5830211589186045e-01
   5.2017404774280096e-01
   6.6205598265595322e-01
   7.7849547744090974e-01
   8.6501782761310519e-01
   9.1829802777771585e-01
   9.8394278134236912e-01
   9.6503659669960995e-01
   9.0904459684444316e-01
   8.1811852293062770e-01
   6.9575261298674163e-01
   5.4664932030833557e-01
   3.7653860081495089e-01
   1.9195771405752773e-01
   6.0249118885753820e-17
  -1.9195771405752760e-01
  -3.7653860081495077e-01
  -5.4664932030833524e-01
  -6.9575261298674151e-01
  -8.1811852293062781e-01
  -9.0904459684444316e-01
  -9.6503659669960995e-01
  -9.8394278134236912e-01
  -9.6503659669960995e-01
  -9.0904459684444328e-01
  -8.1811852293062792e-01
  -6.9575261298674174e-01
  -5.4664932030833546e-01
  -3.7653860081495139e-01
  -1.9195771405752807e-01
  -1.8074735665726146e-16
   1.9195771405752771e-01
   3.7653860081495105e-01
   5.4664932030833513e-01
   6.9575261298674140e-01
   8.1811852293062770e-01
   9.0904459684444294e-01
   9.6503659669960984e-01
   1.0000000000000000e+00
   9.8078528040323043e-01
   9.2387953251128674e-01
   8.3146961230254524e-01
   7.0710678118654757e-01
   5.5557023301960229e-01
   3.8268343236508984e-01
   1.9509032201612833e-01
   6.1232339957367660e-17
  -1.9509032201612819e-01
  -3.8268343236508973e-01
  -5.5557023301960196e-01
  -7.0710678118654746e-01
  -8.3146961230254535e-01
  -9.2387953251128674e-01
  -9.8078528040323043e-01
  -1.0000000000000000e+00
  -9.8078528040323043e-01
  -9.2387953251128685e-01
  -8.3146961230254546e-01
  -7.0710678118654768e-01
  -5.5557023301960218e-01
  -3.8268343236509034e-01
  -1.9509032201612866e-01
  -1.8369701987210297e-16
   1.9509032201612830e-01
   3.8268343236509000e-01
   5.5557023301960184e-01
   7.0710678118654735e-01
   8.3146961230254524e-01
   9.2387953251128652e-01
   9.8078528040323032e-01
   9.8394278134236912e-01
   9.6503659669960995e-01
   9.0904459684444316e-01
   8.1811852293062770e-01
   6.9575261298674163e-01
   5.4664932030833557e-01
   3.7653860081495089e-01
   1.9195771405752773e-01
   6.0249118885753820e-17
  -1.9195771405752760e-01
  -3.7653860081495077e-01
  -5.4664932030833524e-01
  -6.9575261298674151e-01
  -8.1811852293062781e-01
  -9.0904459684444316e-01
  -9.6503659669960995e-01
  -9.8394278134236912e-01
  -9.6503659669960995e-01
  -9.0904459684444328e-01
  -8.1811852293062792e-01
  -6.9575261298674174e-01
  -5.4664932030833546e-01
  -3.7653860081495139e-01
  -1.9195771405752807e-01
  -1.8074735665726146e-16
   1.9195771405752771e-01
   3.7653860081495105e-01
   5.4664932030833513e-01
   6.9575261298674140e-01
   8.1811852293062770e-01
   9.0904459684444294e-01
   9.6503659669960984e-01
   9.3628854972229592e-01
   9.1829802777771596e-01
   8.6501782761310542e-01
   7.7849547744090974e-01
   6.6205598265595345e-01
   5.2017404774280140e-01
   3.5830211589186028e-01
   1.8266083466533650e-01
   5.7331138774786359e-17
  -1.8266083466533636e-01
  -3.5830211589186017e-01
  -5.2017404774280107e-01
  -6.6205598265595333e-01
  -7.7849547744090986e-01
  -8.6501782761310542e-01
  -9.1829802777771596e-01
  -9.3628854972229592e-01
  -9.1829802777771596e-01
  -8.6501782761310553e-01
  -7.7849547744090997e-01
  -6.6205598265595356e-01
  -5.2017404774280129e-01
  -3.5830211589186073e-01
  -1.8266083466533681e-01
  -1.7199341632435905e-16
   1.8266083466533647e-01
   3.5830211589186045e-01
   5.2017404774280096e-01
   6.6205598265595322e-01
   7.7849547744090974e-01
   8.6501782761310519e-01
   9.1829802777771585e-01
   8.5857347570372766e-01
   8.4207622711485663e-01
   7.9321846135975049e-01
   7.1387775497662720e-01
   6.0710312681700940e-01
   4.7699786596116983e-01
   3.2856184461992755e-01
   1.6749937584954677e-01
   5.2572462942669393e-17
  -1.6749937584954663e-01
  -3.2856184461992749e-01
  -4.7699786596116955e-01
  -6.0710312681700929e-01
  -7.1387775497662731e-01
  -7.9321846135975049e-01
  -8.4207622711485663e-01
  -8.5857347570372766e-01
  -8.4207622711485663e-01
  -7.9321846135975060e-01
  -7.1387775497662742e-01
  -6.0710312681700951e-01
  -4.7699786596116972e-01
  -3.2856184461992799e-01
  -1.6749937584954705e-01
  -1.5771738882800817e-16
   1.6749937584954674e-01
   3.2856184461992771e-01
   4.7699786596116944e-01
   6.0710312681700918e-01
   7.1387775497662720e-01
   7.9321846135975027e-01
   8.4207622711485663e-01
   7.5330514821987904e-01
   7.3883060102603115e-01
   6.9596320817572743e-01
   6.2635033953589425e-01
   5.3266717860901380e-01
   4.1851391673138422e-01
   2.8827739973907607e-01
   1.4696254394262348e-01
   4.6126636927434868e-17
  -1.4696254394262337e-01
  -2.8827739973907596e-01
  -4.1851391673138399e-01
  -5.3266717860901369e-01
  -6.2635033953589425e-01
  -6.9596320817572743e-01
  -7.3883060102603115e-01
  -7.5330514821987904e-01
  -7.3883060102603115e-01
  -6.9596320817572754e-01
  -6.2635033953589436e-01
  -5.3266717860901391e-01
  -4.1851391673138416e-01
  -2.8827739973907646e-01
  -1.4696254394262373e-01
  -1.3837991078230459e-16
   1.4696254394262345e-01
   2.8827739973907618e-01
   4.1851391673138388e-01
   5.3266717860901358e-01
   6.2635033953589425e-01
   6.9596320817572721e-01
   7.3883060102603104e-01
   6.2388769960080948e-01
   6.1189987239310628e-01
   5.7639707624673797e-01
   5.1874366370741187e-01
   4.4115522308660809e-01
   3.4661343464528538e-01
   2.3875148629359785e-01
   1.2171445221702346e-01
   3.8202103717176835e-17
  -1.2171445221702337e-01
  -2.3875148629359780e-01
  -3.4661343464528516e-01
  -4.4115522308660804e-01
  -5.1874366370741198e-01
  -5.7639707624673797e-01
  -6.1189987239310628e-01
  -6.2388769960080948e-01
  -6.1189987239310628e-01
  -5.7639707624673797e-01
  -5.1874366370741198e-01
  -4.4115522308660821e-01
  -3.4661343464528527e-01
  -2.3875148629359816e-01
  -1.2171445221702366e-01
  -1.1460631115153051e-16
   1.2171445221702344e-01
   2.3875148629359796e-01
   3.4661343464528510e-01
   4.4115522308660798e-01
   5.1874366370741187e-01
   5.7639707624673786e-01
   6.1189987239310628e-01
   4.7453032805712142e-01
   4.6541236086334076e-01
   4.3840885764784088e-01
   3.9455754789545433e-01
   3.3554361284786760e-01
   2.6363492493356327e-01
   1.8159489470223131e-01
   9.2576274507082834e-02
   2.9056602367674863e-17
  -9.2576274507082765e-02
  -1.8159489470223125e-01
  -2.6363492493356311e-01
  -3.3554361284786755e-01
  -3.9455754789545439e-01
  -4.3840885764784088e-01
  -4.6541236086334076e-01
  -4.7453032805712142e-01
  -4.6541236086334076e-01
  -4.3840885764784093e-01
  -3.9455754789545444e-01
  -3.3554361284786766e-01
  -2.6363492493356322e-01
  -1.8159489470223156e-01
  -9.2576274507082987e-02
  -8.7169807103024576e-17
   9.2576274507082820e-02
   1.8159489470223139e-01
   2.6363492493356305e-01
   3.3554361284786749e-01
   3.9455754789545433e-01
   4.3840885764784077e-01
   4.6541236086334070e-01
   3.1018712466780579e-01
   3.0422696604478572e-01
   2.8657553572911265e-01
   2.5791116828878174e-01
   2.1933541928936251e-01
   1.7233073313137329e-01
   1.1870347354333395e-01
   6.0514506036699174e-02
   1.8993483468057470e-17
  -6.0514506036699132e-02
  -1.1870347354333391e-01
  -1.7233073313137318e-01
  -2.1933541928936248e-01
  -2.5791116828878180e-01
  -2.8657553572911265e-01
  -3.0422696604478572e-01
  -3.1018712466780579e-01
  -3.0422696604478572e-01
  -2.8657553572911265e-01
  -2.5791116828878180e-01
  -2.1933541928936254e-01
  -1.7233073313137326e-01
  -1.1870347354333410e-01
  -6.0514506036699278e-02
  -5.6980450404172400e-17
   6.0514506036699167e-02
   1.1870347354333399e-01
   1.7233073313137315e-01
   2.1933541928936243e-01
   2.5791116828878174e-01
   2.8657553572911254e-01
   3.0422696604478566e-01
   1.3696798058530285e-01
   1.3433617924462049e-01
   1.2654191387216460e-01
   1.1388471371512431e-01
   9.6850987877295042e-02
   7.6095332890001061e-02
   5.2415376934498679e-02
   2.6721127438285548e-02
   8.3868699504733977e-18
  -2.6721127438285527e-02
  -5.2415376934498666e-02
  -7.6095332890001019e-02
  -9.6850987877295028e-02
  -1.1388471371512432e-01
  -1.2654191387216460e-01
  -1.3433617924462049e-01
  -1.3696798058530285e-01
  -1.3433617924462049e-01
  -1.2654191387216462e-01
  -1.1388471371512433e-01
  -9.6850987877295056e-02
  -7.6095332890001047e-02
  -5.2415376934498749e-02
  -2.6721127438285593e-02
  -2.5160609851420193e-17
   2.6721127438285544e-02
   5.2415376934498707e-02
   7.6095332890001005e-02
   9.6850987877295014e-02
   1.1388471371512431e-01
   1.2654191387216457e-01
   1.3433617924462046e-01
   0.0000000000000000e+00
   2.6721127438285888e-02
   5.2415376934499366e-02
   7.6095332890002060e-02
   9.6850987877296305e-02
   1.1388471371512580e-01
   1.2654191387216626e-01
   1.3433617924462224e-01
   1.3696798058530466e-01
   1.3433617924462224e-01
   1.2654191387216626e-01
   1.1388471371512582e-01
   9.6850987877296318e-02
   7.6095332890002060e-02
   5.2415376934499380e-02
   2.6721127438285936e-02
   1.6773739900947017e-17
  -2.6721127438285901e-02
  -5.2415376934499353e-02
  -7.6095332890002018e-02
  -9.6850987877296305e-02
  -1.1388471371512580e-01
  -1.2654191387216623e-01
  -1.3433617924462224e-01
  -1.3696798058530466e-01
  -1.3433617924462224e-01
  -1.2654191387216623e-01
  -1.1388471371512583e-01
  -9.6850987877296332e-02
  -7.6095332890002060e-02
  -5.2415376934499450e-02
  -2.6721127438285953e-02
   0.0000000000000000e+00
   6.0514506036699396e-02
   1.1870347354333442e-01
   1.7233073313137395e-01
   2.1933541928936337e-01
   2.5791116828878280e-01
   2.8657553572911382e-01
   3.0422696604478694e-01
   3.1018712466780707e-01
   3.0422696604478694e-01
   2.8657553572911382e-01
   2.5791116828878285e-01
   2.1933541928936340e-01
   1.7233073313137395e-01
   1.1870347354333445e-01
   6.0514506036699514e-02
   3.7986966936115094e-17
  -6.0514506036699431e-02
  -1.1870347354333438e-01
  -1.7233073313137390e-01
  -2.1933541928936337e-01
  -2.5791116828878280e-01
  -2.8657553572911376e-01
  -3.0422696604478694e-01
  -3.1018712466780707e-01
  -3.0422696604478694e-01
  -2.8657553572911376e-01
  -2.5791116828878285e-01
  -2.1933541928936345e-01
  -1.7233073313137395e-01
  -1.1870347354333460e-01
  -6.0514506036699542e-02
   0.0000000000000000e+00
   9.2576274507082723e-02
   1.8159489470223114e-01
   2.6363492493356300e-01
   3.3554361284786727e-01
   3.9455754789545405e-01
   4.3840885764784049e-01
   4.6541236086334037e-01
   4.7453032805712103e-01
   4.6541236086334037e-01
   4.3840885764784049e-01
   3.9455754789545405e-01
   3.3554361284786732e-01
   2.6363492493356300e-01
   1.8159489470223120e-01
   9.2576274507082890e-02
   5.8113204735349676e-17
  -9.2576274507082779e-02
  -1.8159489470223109e-01
  -2.6363492493356289e-01
  -3.3554361284786727e-01
  -3.9455754789545405e-01
  -4.3840885764784043e-01
  -4.6541236086334031e-01
  -4.7453032805712103e-01
  -4.6541236086334037e-01
  -4.3840885764784043e-01
  -3.9455754789545411e-01
  -3.3554361284786738e-01
  -2.6363492493356300e-01
  -1.8159489470223142e-01
  -9.2576274507082945e-02
   0.0000000000000000e+00
   1.2171445221702350e-01
   2.3875148629359799e-01
   3.4661343464528555e-01
   4.4115522308660837e-01
   5.1874366370741221e-01
   5.7639707624673842e-01
   6.1189987239310673e-01
   6.2388769960080992e-01
   6.1189987239310673e-01
   5.7639707624673842e-01
   5.1874366370741232e-01
   4.4115522308660843e-01
   3.4661343464528555e-01
   2.3875148629359808e-01
   1.2171445221702372e-01
   7.6404207434353733e-17
  -1.2171445221702357e-01
  -2.3875148629359794e-01
  -3.4661343464528538e-01
  -4.4115522308660837e-01
  -5.1874366370741221e-01
  -5.7639707624673819e-01
  -6.1189987239310673e-01
  -6.2388769960080992e-01
  -6.1189987239310673e-01
  -5.7639707624673830e-01
  -5.1874366370741232e-01
  -4.4115522308660848e-01
  -3.4661343464528555e-01
  -2.3875148629359838e-01
  -1.2171445221702379e-01
   0.0000000000000000e+00
   1.4696254394262342e-01
   2.8827739973907601e-01
   4.1851391673138416e-01
   5.3266717860901369e-01
   6.2635033953589425e-01
   6.9596320817572743e-01
   7.3883060102603115e-01
   7.5330514821987904e-01
   7.3883060102603115e-01
   6.9596320817572743e-01
   6.2635033953589425e-01
   5.3266717860901380e-01
   4.1851391673138416e-01
   2.8827739973907612e-01
   1.4696254394262370e-01
   9.2253273854869736e-17
  -1.4696254394262351e-01
  -2.8827739973907596e-01
  -4.1851391673138399e-01
  -5.3266717860901369e-01
  -6.2635033953589425e-01
  -6.9596320817572721e-01
  -7.3883060102603104e-01
  -7.5330514821987904e-01
  -7.3883060102603115e-01
  -6.9596320817572732e-01
  -6.2635033953589436e-01
  -5.3266717860901391e-01
  -4.1851391673138416e-01
  -2.8827739973907646e-01
  -1.4696254394262379e-01
   0.0000000000000000e+00
   1.6749937584954669e-01
   3.2856184461992755e-01
   4.7699786596116972e-01
   6.0710312681700929e-01
   7.1387775497662720e-01
   7.9321846135975049e-01
   8.4207622711485663e-01
   8.5857347570372766e-01
   8.4207622711485663e-01
   7.9321846135975049e-01
   7.1387775497662731e-01
   6.0710312681700940e-01
   4.7699786596116972e-01
   3.2856184461992760e-01
   1.6749937584954699e-01
   1.0514492588533879e-16
  -1.6749937584954680e-01
  -3.2856184461992743e-01
  -4.7699786596116955e-01
  -6.0710312681700929e-01
  -7.1387775497662720e-01
  -7.9321846135975027e-01
  -8.4207622711485663e-01
  -8.5857347570372766e-01
  -8.4207622711485663e-01
  -7.9321846135975038e-01
  -7.1387775497662742e-01
  -6.0710312681700951e-01
  -4.7699786596116972e-01
  -3.2856184461992805e-01
  -1.6749937584954711e-01
   0.0000000000000000e+00
   1.8266083466533642e-01
   3.5830211589186023e-01
   5.2017404774280129e-01
   6.6205598265595333e-01
   7.7849547744090974e-01
   8.6501782761310542e-01
   9.1829802777771596e-01
   9.3628854972229592e-01
   9.1829802777771596e-01
   8.6501782761310542e-01
   7.7849547744090986e-01
   6.6205598265595345e-01
   5.2017404774280129e-01
   3.5830211589186034e-01
   1.8266083466533675e-01
   1.1466227754957272e-16
  -1.8266083466533653e-01
  -3.5830211589186012e-01
  -5.2017404774280107e-01
  -6.6205598265595333e-01
  -7.7849547744090974e-01
  -8.6501782761310519e-01
  -9.1829802777771585e-01
  -9.3628854972229592e-01
  -9.1829802777771596e-01
  -8.6501782761310531e-01
  -7.7849547744090997e-01
  -6.6205598265595356e-01
  -5.2017404774280129e-01
  -3.5830211589186078e-01
  -1.8266083466533686e-01
   0.0000000000000000e+00
   1.9195771405752765e-01
   3.7653860081495083e-01
   5.4664932030833546e-01
   6.9575261298674151e-01
   8.1811852293062770e-01
   9.0904459684444316e-01
   9.6503659669960995e-01
   9.8394278134236912e-01
   9.6503659669960995e-01
   9.0904459684444316e-01
   8.1811852293062781e-01
   6.9575261298674163e-01
   5.4664932030833546e-01
   3.7653860081495094e-01
   1.9195771405752801e-01
   1.2049823777150764e-16
  -1.9195771405752776e-01
  -3.7653860081495072e-01
  -5.4664932030833524e-01
  -6.9575261298674151e-01
  -8.1811852293062770e-01
  -9.0904459684444294e-01
  -9.6503659669960984e-01
  -9.8394278134236912e-01
  -9.6503659669960995e-01
  -9.0904459684444305e-01
  -8.1811852293062792e-01
  -6.9575261298674174e-01
  -5.4664932030833546e-01
  -3.7653860081495144e-01
  -1.9195771405752812e-01
   0.0000000000000000e+00
   1.9509032201612825e-01
   3.8268343236508978e-01
   5.5557023301960218e-01
   7.0710678118654746e-01
   8.3146961230254524e-01
   9.2387953251128674e-01
   9.8078528040323043e-01
   1.0000000000000000e+00
   9.8078528040323043e-01
   9.2387953251128674e-01
   8.3146961230254535e-01
   7.0710678118654757e-01
   5.5557023301960218e-01
   3.8268343236508989e-01
   1.9509032201612861e-01
   1.2246467991473532e-16
  -1.9509032201612836e-01
  -3.8268343236508967e-01
  -5.5557023301960196e-01
  -7.0710678118654746e-01
  -8.3146961230254524e-01
  -9.2387953251128652e-01
  -9.8078528040323032e-01
  -1.0000000000000000e+00
  -9.8078528040323043e-01
  -9.2387953251128663e-01
  -8.3146961230254546e-01
  -7.0710678118654768e-01
  -5.5557023301960218e-01
  -3.8268343236509039e-01
  -1.9509032201612872e-01
   0.0000000000000000e+00
   1.9195771405752765e-01
   3.7653860081495083e-01
   5.4664932030833546e-01
   6.9575261298674151e-01
   8.1811852293062770e-01
   9.0904459684444316e-01
   9.6503659669960995e-01
   9.8394278134236912e-01
   9.6503659669960995e-01
   9.0904459684444316e-01
   8.1811852293062781e-01
   6.9575261298674163e-01
   5.4664932030833546e-01
   3.7653860081495094e-01
   1.9195771405752801e-01
   1.2049823777150764e-16
  -1.9195771405752776e-01
  -3.7653860081495072e-01
  -5.4664932030833524e-01
  -6.9575261298674151e-01
  -8.1811852293062770e-01
  -9.0904459684444294e-01
  -9.6503659669960984e-01
  -9.8394278134236912e-01
  -9.6503659669960995e-01
  -9.0904459684444305e-01
  -8.1811852293062792e-01
  -6.9575261298674174e-01
  -5.4664932030833546e-01
  -3.7653860081495144e-01
  -1.9195771405752812e-01
   0.0000000000000000e+00
   1.8266083466533642e-01
   3.5830211589186023e-01
   5.2017404774280129e-01
   6.6205598265595333e-01
   7.7849547744090974e-01
   8.6501782761310542e-01
   9.1829802777771596e-01
   9.3628854972229592e-01
   9.1829802777771596e-01
   8.6501782761310542e-01
   7.7849547744090986e-01
   6.6205598265595345e-01
   5.2017404774280129e-01
   3.5830211589186034e-01
   1.8266083466533675e-01
   1.1466227754957272e-16
  -1.8266083466533653e-01
  -3.5830211589186012e-01
  -5.2017404774280107e-01
  -6.6205598265595333e-01
  -7.7849547744090974e-01
  -8.6501782761310519e-01
  -9.1829802777771585e-01
  -9.3628854972229592e-01
  -9.1829802777771596e-01
  -8.6501782761310531e-01
  -7.7849547744090997e-01
  -6.6205598265595356e-01
  -5.2017404774280129e-01
  -3.5830211589186078e-01
  -1.8266083466533686e-01
   0.0000000000000000e+00
   1.6749937584954669e-01
   3.2856184461992755e-01
   4.7699786596116972e-01
   6.0710312681700929e-01
   7.1387775497662720e-01
   7.9321846135975049e-01
   8.4207622711485663e-01
   8.5857347570372766e-01
   8.4207622711485663e-01
   7.9321846135975049e-01
   7.1387775497662731e-01
   6.0710312681700940e-01
   4.7699786596116972e-01
   3.2856184461992760e-01
   1.6749937584954699e-01
   1.0514492588533879e-16
  -1.6749937584954680e-01
  -3.2856184461992743e-01
  -4.7699786596116955e-01
  -6.0710312681700929e-01
  -7.1387775497662720e-01
  -7.9321846135975027e-01
  -8.4207622711485663e-01
  -8.5857347570372766e-01
  -8.4207622711485663e-01
  -7.9321846135975038e-01
  -7.1387775497662742e-01
  -6.0710312681700951e-01
  -4.7699786596116972e-01
  -3.2856184461992805e-01
  -1.6749937584954711e-01
   0.0000000000000000e+00
   1.4696254394262342e-01
   2.8827739973907601e-01
   4.1851391673138416e-01
   5.3266717860901369e-01
   6.2635033953589425e-01
   6.9596320817572743e-01
   7.3883060102603115e-01
   7.5330514821987904e-01
   7.3883060102603115e-01
   6.9596320817572743e-01
   6.2635033953589425e-01
   5.3266717860901380e-01
   4.1851391673138416e-01
   2.8827739973907612e-01
   1.4696254394262370e-01
   9.2253273854869736e-17
  -1.4696254394262351e-01
  -2.8827739973907596e-01
  -4.1851391673138399e-01
  -5.3266717860901369e-01
  -6.2635033953589425e-01
  -6.9596320817572721e-01
  -7.3883060102603104e-01
  -7.5330514821987904e-01
  -7.3883060102603115e-01
  -6.9596320817572732e-01
  -6.2635033953589436e-01
  -5.3266717860901391e-01
  -4.1851391673138416e-01
  -2.8827739973907646e-01
  -1.4696254394262379e-01
   0.0000000000000000e+00
   1.2171445221702341e-01
   2.3875148629359783e-01
   3.4661343464528527e-01
   4.4115522308660804e-01
   5.1874366370741187e-01
   5.7639707624673797e-01
   6.1189987239310628e-01
   6.2388769960080948e-01
   6.1189987239310628e-01
   5.7639707624673797e-01
   5.1874366370741198e-01
   4.4115522308660809e-01
   3.4661343464528527e-01
   2.3875148629359788e-01
   1.2171445221702364e-01
   7.6404207434353671e-17
  -1.2171445221702348e-01
  -2.3875148629359774e-01
  -3.4661343464528516e-01
  -4.4115522308660804e-01
  -5.1874366370741187e-01
  -5.7639707624673786e-01
  -6.1189987239310628e-01
  -6.2388769960080948e-01
  -6.1189987239310628e-01
  -5.7639707624673786e-01
  -5.1874366370741198e-01
  -4.4115522308660821e-01
  -3.4661343464528527e-01
  -2.3875148629359821e-01
  -1.2171445221702371e-01
   0.0000000000000000e+00
   9.2576274507082792e-02
   1.8159489470223128e-01
   2.6363492493356322e-01
   3.3554361284786755e-01
   3.9455754789545433e-01
   4.3840885764784088e-01
   4.6541236086334076e-01
   4.7453032805712142e-01
   4.6541236086334076e-01
   4.3840885764784088e-01
   3.9455754789545439e-01
   3.3554361284786760e-01
   2.6363492493356322e-01
   1.8159489470223134e-01
   9.2576274507082973e-02
   5.8113204735349725e-17
  -9.2576274507082848e-02
  -1.8159489470223125e-01
  -2.6363492493356311e-01
  -3.3554361284786755e-01
  -3.9455754789545433e-01
  -4.3840885764784077e-01
  -4.6541236086334070e-01
  -4.7453032805712142e-01
  -4.6541236086334076e-01
  -4.3840885764784082e-01
  -3.9455754789545444e-01
  -3.3554361284786766e-01
  -2.6363492493356322e-01
  -1.8159489470223159e-01
  -9.2576274507083015e-02
   0.0000000000000000e+00
   6.0514506036699146e-02
   1.1870347354333392e-01
   1.7233073313137326e-01
   2.1933541928936248e-01
   2.5791116828878174e-01
   2.8657553572911265e-01
   3.0422696604478572e-01
   3.1018712466780579e-01
   3.0422696604478572e-01
   2.8657553572911265e-01
   2.5791116828878180e-01
   2.1933541928936251e-01
   1.7233073313137326e-01
   1.1870347354333396e-01
   6.0514506036699264e-02
   3.7986966936114940e-17
  -6.0514506036699181e-02
  -1.1870347354333390e-01
  -1.7233073313137318e-01
  -2.1933541928936248e-01
  -2.5791116828878174e-01
  -2.8657553572911254e-01
  -3.0422696604478566e-01
  -3.1018712466780579e-01
  -3.0422696604478572e-01
  -2.8657553572911260e-01
  -2.5791116828878180e-01
  -2.1933541928936254e-01
  -1.7233073313137326e-01
  -1.1870347354333412e-01
  -6.0514506036699299e-02
   0.0000000000000000e+00
   2.6721127438285534e-02
   5.2415376934498673e-02
   7.6095332890001047e-02
   9.6850987877295028e-02
   1.1388471371512431e-01
   1.2654191387216460e-01
   1.3433617924462049e-01
   1.3696798058530285e-01
   1.3433617924462049e-01
   1.2654191387216460e-01
   1.1388471371512432e-01
   9.6850987877295042e-02
   7.6095332890001047e-02
   5.2415376934498686e-02
   2.6721127438285586e-02
   1.6773739900946795e-17
  -2.6721127438285551e-02
  -5.2415376934498659e-02
  -7.6095332890001019e-02
  -9.6850987877295028e-02
  -1.1388471371512431e-01
  -1.2654191387216457e-01
  -1.3433617924462046e-01
  -1.3696798058530285e-01
  -1.3433617924462049e-01
  -1.2654191387216457e-01
  -1.1388471371512433e-01
  -9.6850987877295056e-02
  -7.6095332890001047e-02
  -5.2415376934498756e-02
  -2.6721127438285600e-02
  -9.9057547531441725e-01
  -9.9057547531441725e-01
  -9.9057547531441725e-01
  -9.9057547531441725e-01
  -9.9057547531441725e-01
  -9.9057547531441725e-01
  -9.9057547531441725e-01
  -9.9057547531441725e-01
  -9.9057547531441725e-01
  -9.9057547531441725e-01
  -9.9057547531441725e-01
  -9.9057547531441725e-01
  -9.9057547531441725e-01
  -9.9057547531441725e-01
  -9.9057547531441725e-01
  -9.9057547531441725e-01
  -9.9057547531441725e-01
  -9.9057547531441725e-01
  -9.9057547531441725e-01
  -9.9057547531441725e-01
  -9.9057547531441725e-01
  -9.9057547531441725e-01
  -9.9057547531441725e-01
  -9.9057547531441725e-01
  -9.9057547531441725e-01
  -9.9057547531441725e-01
  -9.9057547531441725e-01
  -9.9057547531441725e-01
  -9.9057547531441725e-01
  -9.9057547531441725e-01
  -9.9057547531441725e-01
  -9.9057547531441725e-01
  -9.5067552176876746e-01
  -9.5067552176876746e-01
  -9.5067552176876746e-01
  -9.5067552176876746e-01
  -9.5067552176876746e-01
  -9.5067552176876746e-01
  -9.5067552176876746e-01
  -9.5067552176876746e-01
  -9.5067552176876746e-01
  -9.5067552176876746e-01
  -9.5067552176876746e-01
  -9.5067552176876746e-01
  -9.5067552176876746e-01
  -9.5067552176876746e-01
  -9.5067552176876746e-01
  -9.5067552176876746e-01
  -9.5067552176876746e-01
  -9.5067552176876746e-01
  -9.5067552176876746e-01
  -9.5067552176876746e-01
  -9.5067552176876746e-01
  -9.5067552176876746e-01
  -9.5067552176876746e-01
  -9.5067552176876746e-01
  -9.5067552176876746e-01
  -9.5067552176876746e-01
  -9.5067552176876746e-01
  -9.5067552176876746e-01
  -9.5067552176876746e-01
  -9.5067552176876746e-01
  -9.5067552176876746e-01
  -9.5067552176876746e-01
  -8.8023915372698636e-01
  -8.8023915372698636e-01
  -8.8023915372698636e-01
  -8.8023915372698636e-01
  -8.8023915372698636e-01
  -8.8023915372698636e-01
  -8.8023915372698636e-01
  -8.8023915372698636e-01
  -8.8023915372698636e-01
  -8.8023915372698636e-01
  -8.8023915372698636e-01
  -8.8023915372698636e-01
  -8.8023915372698636e-01
  -8.8023915372698636e-01
  -8.8023915372698636e-01
  -8.8023915372698636e-01
  -8.8023915372698636e-01
  -8.8023915372698636e-01
  -8.8023915372698636e-01
  -8.8023915372698636e-01
  -8.8023915372698636e-01
  -8.8023915372698636e-01
  -8.8023915372698636e-01
  -8.8023915372698636e-01
  -8.8023915372698636e-01
  -8.8023915372698636e-01
  -8.8023915372698636e-01
  -8.8023915372698636e-01
  -8.8023915372698636e-01
  -8.8023915372698636e-01
  -8.8023915372698636e-01
  -8.8023915372698636e-01
  -7.8151400389680126e-01
  -7.8151400389680126e-01
  -7.8151400389680126e-01
  -7.8151400389680126e-01
  -7.8151400389680126e-01
  -7.8151400389680126e-01
  -7.8151400389680126e-01
  -7.8151400389680126e-01
  -7.8151400389680126e-01
  -7.8151400389680126e-01
  -7.8151400389680126e-01
  -7.8151400389680126e-01
  -7.8151400389680126e-01
  -7.8151400389680126e-01
  -7.8151400389680126e-01
  -7.8151400389680126e-01
  -7.8151400389680126e-01
  -7.8151400389680126e-01
  -7.8151400389680126e-01
  -7.8151400389680126e-01
  -7.8151400389680126e-01
  -7.8151400389680126e-01
  -7.8151400389680126e-01
  -7.8151400389680126e-01
  -7.8151400389680126e-01
  -7.8151400389680126e-01
  -7.8151400389680126e-01
  -7.8151400389680126e-01
  -7.8151400389680126e-01
  -7.8151400389680126e-01
  -7.8151400389680126e-01
  -7.8151400389680126e-01
  -6.5767115921669106e-01
  -6.5767115921669106e-01
  -6.5767115921669106e-01
  -6.5767115921669106e-01
  -6.5767115921669106e-01
  -6.5767115921669106e-01
  -6.5767115921669106e-01
  -6.5767115921669106e-01
  -6.5767115921669106e-01
  -6.5767115921669106e-01
  -6.5767115921669106e-01
  -6.5767115921669106e-01
  -6.5767115921669106e-01
  -6.5767115921669106e-01
  -6.5767115921669106e-01
  -6.5767115921669106e-01
  -6.5767115921669106e-01
  -6.5767115921669106e-01
  -6.5767115921669106e-01
  -6.5767115921669106e-01
  -6.5767115921669106e-01
  -6.5767115921669106e-01
  -6.5767115921669106e-01
  -6.5767115921669106e-01
  -6.5767115921669106e-01
  -6.5767115921669106e-01
  -6.5767115921669106e-01
  -6.5767115921669106e-01
  -6.5767115921669106e-01
  -6.5767115921669106e-01
  -6.5767115921669106e-01
  -6.5767115921669106e-01
  -5.1269053708647727e-01
  -5.1269053708647727e-01
  -5.1269053708647727e-01
  -5.1269053708647727e-01
  -5.1269053708647727e-01
  -5.1269053708647727e-01
  -5.1269053708647727e-01
  -5.1269053708647727e-01
  -5.1269053708647727e-01
  -5.1269053708647727e-01
  -5.1269053708647727e-01
  -5.1269053708647727e-01
  -5.1269053708647727e-01
  -5.1269053708647727e-01
  -5.1269053708647727e-01
  -5.1269053708647727e-01
  -5.1269053708647727e-01
  -5.1269053708647727e-01
  -5.1269053708647727e-01
  -5.1269053708647727e-01
  -5.1269053708647727e-01
  -5.1269053708647727e-01
  -5.1269053708647727e-01
  -5.1269053708647727e-01
  -5.1269053708647727e-01
  -5.1269053708647727e-01
  -5.1269053708647727e-01
  -5.1269053708647727e-01
  -5.1269053708647727e-01
  -5.1269053708647727e-01
  -5.1269053708647727e-01
  -5.1269053708647727e-01
  -3.5123176345387647e-01
  -3.5123176345387647e-01
  -3.5123176345387647e-01
  -3.5123176345387647e-01
  -3.5123176345387647e-01
  -3.5123176345387647e-01
  -3.5123176345387647e-01
  -3.5123176345387647e-01
  -3.5123176345387647e-01
  -3.5123176345387647e-01
  -3.5123176345387647e-01
  -3.5123176345387647e-01
  -3.5123176345387647e-01
  -3.5123176345387647e-01
  -3.5123176345387647e-01
  -3.5123176345387647e-01
  -3.5123176345387647e-01
  -3.5123176345387647e-01
  -3.5123176345387647e-01
  -3.5123176345387647e-01
  -3.5123176345387647e-01
  -3.5123176345387647e-01
  -3.5123176345387647e-01
  -3.5123176345387647e-01
  -3.5123176345387647e-01
  -3.5123176345387647e-01
  -3.5123176345387647e-01
  -3.5123176345387647e-01
  -3.5123176345387647e-01
  -3.5123176345387647e-01
  -3.5123176345387647e-01
  -3.5123176345387647e-01
  -1.7848418149584777e-01
  -1.7848418149584777e-01
  -1.7848418149584777e-01
  -1.7848418149584777e-01
  -1.7848418149584777e-01
  -1.7848418149584777e-01
  -1.7848418149584777e-01
  -1.7848418149584777e-01
  -1.7848418149584777e-01
  -1.7848418149584777e-01
  -1.7848418149584777e-01
  -1.7848418149584777e-01
  -1.7848418149584777e-01
  -1.7848418149584777e-01
  -1.7848418149584777e-01
  -1.7848418149584777e-01
  -1.7848418149584777e-01
  -1.7848418149584777e-01
  -1.7848418149584777e-01
  -1.7848418149584777e-01
  -1.7848418149584777e-01
  -1.7848418149584777e-01
  -1.7848418149584777e-01
  -1.7848418149584777e-01
  -1.7848418149584777e-01
  -1.7848418149584777e-01
  -1.7848418149584777e-01
  -1.7848418149584777e-01
  -1.7848418149584777e-01
  -1.7848418149584777e-01
  -1.7848418149584777e-01
  -1.7848418149584777e-01
  -1.6081226496766366e-16
  -1.6081226496766366e-16
  -1.6081226496766366e-16
  -1.6081226496766366e-16
  -1.6081226496766366e-16
  -1.6081226496766366e-16
  -1.6081226496766366e-16
  -1.6081226496766366e-16
  -1.6081226496766366e-16
  -1.6081226496766366e-16
  -1.6081226496766366e-16
  -1.6081226496766366e-16
  -1.6081226496766366e-16
  -1.6081226496766366e-16
  -1.6081226496766366e-16
  -1.6081226496766366e-16
  -1.6081226496766366e-16
  -1.6081226496766366e-16
  -1.6081226496766366e-16
  -1.6081226496766366e-16
  -1.6081226496766366e-16
  -1.6081226496766366e-16
  -1.6081226496766366e-16
  -1.6081226496766366e-16
  -1.6081226496766366e-16
  -1.6081226496766366e-16
  -1.6081226496766366e-16
  -1.6081226496766366e-16
  -1.6081226496766366e-16
  -1.6081226496766366e-16
  -1.6081226496766366e-16
  -1.6081226496766366e-16
   1.7848418149584766e-01
   1.7848418149584766e-01
   1.7848418149584766e-01
   1.7848418149584766e-01
   1.7848418149584766e-01
   1.7848418149584766e-01
   1.7848418149584766e-01
   1.7848418149584766e-01
   1.7848418149584766e-01
   1.7848418149584766e-01
   1.7848418149584766e-01
   1.7848418149584766e-01
   1.7848418149584766e-01
   1.7848418149584766e-01
   1.7848418149584766e-01
   1.7848418149584766e-01
   1.7848418149584766e-01
   1.7848418149584766e-01
   1.7848418149584766e-01
   1.7848418149584766e-01
   1.7848418149584766e-01
   1.7848418149584766e-01
   1.7848418149584766e-01
   1.7848418149584766e-01
   1.7848418149584766e-01
   1.7848418149584766e-01
   1.7848418149584766e-01
   1.7848418149584766e-01
   1.7848418149584766e-01
   1.7848418149584766e-01
   1.7848418149584766e-01
   1.7848418149584766e-01
   3.5123176345387636e-01
   3.5123176345387636e-01
   3.5123176345387636e-01
   3.5123176345387636e-01
   3.5123176345387636e-01
   3.5123176345387636e-01
   3.5123176345387636e-01
   3.5123176345387636e-01
   3.5123176345387636e-01
   3.5123176345387636e-01
   3.5123176345387636e-01
   3.5123176345387636e-01
   3.5123176345387636e-01
   3.5123176345387636e-01
   3.5123176345387636e-01
   3.5123176345387636e-01
   3.5123176345387636e-01
   3.5123176345387636e-01
   3.5123176345387636e-01
   3.5123176345387636e-01
   3.5123176345387636e-01
   3.5123176345387636e-01
   3.5123176345387636e-01
   3.5123176345387636e-01
   3.5123176345387636e-01
   3.5123176345387636e-01
   3.5123176345387636e-01
   3.5123176345387636e-01
   3.5123176345387636e-01
   3.5123176345387636e-01
   3.5123176345387636e-01
   3.5123176345387636e-01
   5.1269053708647727e-01
   5.1269053708647727e-01
   5.1269053708647727e-01
   5.1269053708647727e-01
   5.1269053708647727e-01
   5.1269053708647727e-01
   5.1269053708647727e-01
   5.1269053708647727e-01
   5.1269053708647727e-01
   5.1269053708647727e-01
   5.1269053708647727e-01
   5.1269053708647727e-01
   5.1269053708647727e-01
   5.1269053708647727e-01
   5.1269053708647727e-01
   5.1269053708647727e-01
   5.1269053708647727e-01
   5.1269053708647727e-01
   5.1269053708647727e-01
   5.1269053708647727e-01
   5.1269053708647727e-01
   5.1269053708647727e-01
   5.1269053708647727e-01
   5.1269053708647727e-01
   5.1269053708647727e-01
   5.1269053708647727e-01
   5.1269053708647727e-01
   5.1269053708647727e-01
   5.1269053708647727e-01
   5.1269053708647727e-01
   5.1269053708647727e-01
   5.1269053708647727e-01
   6.5767115921669095e-01
   6.5767115921669095e-01
   6.5767115921669095e-01
   6.5767115921669095e-01
   6.5767115921669095e-01
   6.5767115921669095e-01
   6.5767115921669095e-01
   6.5767115921669095e-01
   6.5767115921669095e-01
   6.5767115921669095e-01
   6.5767115921669095e-01
   6.5767115921669095e-01
   6.5767115921669095e-01
   6.5767115921669095e-01
   6.5767115921669095e-01
   6.5767115921669095e-01
   6.5767115921669095e-01
   6.5767115921669095e-01
   6.5767115921669095e-01
   6.5767115921669095e-01
   6.5767115921669095e-01
   6.5767115921669095e-01
   6.5767115921669095e-01
   6.5767115921669095e-01
   6.5767115921669095e-01
   6.5767115921669095e-01
   6.5767115921669095e-01
   6.5767115921669095e-01
   6.5767115921669095e-01
   6.5767115921669095e-01
   6.5767115921669095e-01
   6.5767115921669095e-01
   7.8151400389680170e-01
   7.8151400389680170e-01
   7.8151400389680170e-01
   7.8151400389680170e-01
   7.8151400389680170e-01
   7.8151400389680170e-01
   7.8151400389680170e-01
   7.8151400389680170e-01
   7.8151400389680170e-01
   7.8151400389680170e-01
   7.8151400389680170e-01
   7.8151400389680170e-01
   7.8151400389680170e-01
   7.8151400389680170e-01
   7.8151400389680170e-01
   7.8151400389680170e-01
   7.8151400389680170e-01
   7.8151400389680170e-01
   7.8151400389680170e-01
   7.8151400389680170e-01
   7.8151400389680170e-01
   7.8151400389680170e-01
   7.8151400389680170e-01
   7.8151400389680170e-01
   7.8151400389680170e-01
   7.8151400389680170e-01
   7.8151400389680170e-01
   7.8151400389680170e-01
   7.8151400389680170e-01
   7.8151400389680170e-01
   7.8151400389680170e-01
   7.8151400389680170e-01
   8.8023915372698613e-01
   8.8023915372698613e-01
   8.8023915372698613e-01
   8.8023915372698613e-01
   8.8023915372698613e-01
   8.8023915372698613e-01
   8.8023915372698613e-01
   8.8023915372698613e-01
   8.8023915372698613e-01
   8.8023915372698613e-01
   8.8023915372698613e-01
   8.8023915372698613e-01
   8.8023915372698613e-01
   8.8023915372698613e-01
   8.8023915372698613e-01
   8.8023915372698613e-01
   8.8023915372698613e-01
   8.8023915372698613e-01
   8.8023915372698613e-01
   8.8023915372698613e-01
   8.8023915372698613e-01
   8.8023915372698613e-01
   8.8023915372698613e-01
   8.8023915372698613e-01
   8.8023915372698613e-01
   8.8023915372698613e-01
   8.8023915372698613e-01
   8.8023915372698613e-01
   8.8023915372698613e-01
   8.8023915372698613e-01
   8.8023915372698613e-01
   8.8023915372698613e-01
   9.5067552176876791e-01
   9.5067552176876791e-01
   9.5067552176876791e-01
   9.5067552176876791e-01
   9.5067552176876791e-01
   9.5067552176876791e-01
   9.5067552176876791e-01
   9.5067552176876791e-01
   9.5067552176876791e-01
   9.5067552176876791e-01
   9.5067552176876791e-01
   9.5067552176876791e-01
   9.5067552176876791e-01
   9.5067552176876791e-01
   9.5067552176876791e-01
   9.5067552176876791e-01
   9.5067552176876791e-01
   9.5067552176876791e-01
   9.5067552176876791e-01
   9.5067552176876791e-01
   9.5067552176876791e-01
   9.5067552176876791e-01
   9.5067552176876791e-01
   9.5067552176876791e-01
   9.5067552176876791e-01
   9.5067552176876791e-01
   9.5067552176876791e-01
   9.5067552176876791e-01
   9.5067552176876791e-01
   9.5067552176876791e-01
   9.5067552176876791e-01
   9.5067552176876791e-01
   9.9057547531441748e-01
   9.9057547531441748e-01
   9.9057547531441748e-01
   9.9057547531441748e-01
   9.9057547531441748e-01
   9.9057547531441748e-01
   9.9057547531441748e-01
   9.9057547531441748e-01
   9.9057547531441748e-01
   9.9057547531441748e-01
   9.9057547531441748e-01
   9.9057547531441748e-01
   9.9057547531441748e-01
   9.9057547531441748e-01
   9.9057547531441748e-01
   9.9057547531441748e-01
   9.9057547531441748e-01
   9.9057547531441748e-01
   9.9057547531441748e-01
   9.9057547531441748e-01
   9.9057547531441748e-01
   9.9057547531441748e-01
   9.9057547531441748e-01
   9.9057547531441748e-01
   9.9057547531441748e-01
   9.9057547531441748e-01
   9.9057547531441748e-01
   9.9057547531441748e-01
   9.9057547531441748e-01
   9.9057547531441748e-01
   9.9057547531441748e-01
   9.9057547531441748e-01
