   2.5033128177784020e-01
   2.3127594758186221e-01
   1.7701094688823124e-01
   9.5797634139096352e-02
   1.5328370147784307e-17
  -9.5797634139096324e-02
  -1.7701094688823121e-01
  -2.3127594758186221e-01
  -2.5033128177784020e-01
  -2.3127594758186223e-01
  -1.7701094688823127e-01
  -9.5797634139096477e-02
  -4.5985110443352921e-17
   9.5797634139096394e-02
   1.7701094688823119e-01
   2.3127594758186215e-01
   5.4868204598127635e-01
   5.0691611213851795e-01
   3.8797679542866959e-01
   2.0997152863321489e-01
   3.3597085568029545e-17
  -2.0997152863321480e-01
  -3.8797679542866953e-01
  -5.0691611213851795e-01
  -5.4868204598127635e-01
  -5.0691611213851795e-01
  -3.8797679542866964e-01
  -2.0997152863321517e-01
  -1.0079125670408864e-16
   2.0997152863321497e-01
   3.8797679542866947e-01
   5.0691611213851784e-01
   7.8979458439952910e-01
   7.2967505141498290e-01
   5.5846910637331815e-01
   3.0224130242137143e-01
   4.8360970488439872e-17
  -3.0224130242137132e-01
  -5.5846910637331804e-01
  -7.2967505141498290e-01
  -7.8979458439952910e-01
  -7.2967505141498301e-01
  -5.5846910637331815e-01
  -3.0224130242137182e-01
  -1.4508291146531961e-16
   3.0224130242137154e-01
   5.5846910637331793e-01
   7.2967505141498279e-01
   9.4597025186361450e-01
   8.7396255406134038e-01
   6.6890197989350819e-01
   3.6200714289843650e-01
   5.7923972051669553e-17
  -3.6200714289843638e-01
  -6.6890197989350808e-01
  -8.7396255406134038e-01
  -9.4597025186361450e-01
  -8.7396255406134049e-01
  -6.6890197989350830e-01
  -3.6200714289843700e-01
  -1.7377191615500864e-16
   3.6200714289843666e-01
   6.6890197989350797e-01
   8.7396255406134016e-01
   1.0000000000000000e+00
   9.2387953251128674e-01
   7.0710678118654757e-01
   3.8268343236508984e-01
   6.1232339957367660e-17
  -3.8268343236508973e-01
  -7.0710678118654746e-01
  -9.2387953251128674e-01
  -1.0000000000000000e+00
  -9.2387953251128685e-01
  -7.0710678118654768e-01
  -3.8268343236509034e-01
  -1.8369701987210297e-16
   3.8268343236509000e-01
   7.0710678118654735e-01
   9.2387953251128652e-01
   9.4597025186361450e-01
   8.7396255406134038e-01
   6.6890197989350819e-01
   3.6200714289843650e-01
   5.7923972051669553e-17
  -3.6200714289843638e-01
  -6.6890197989350808e-01
  -8.7396255406134038e-01
  -9.4597025186361450e-01
  -8.7396255406134049e-01
  -6.6890197989350830e-01
  -3.6200714289843700e-01
  -1.7377191615500864e-16
   3.6200714289843666e-01
   6.6890197989350797e-01
   8.7396255406134016e-01
   7.8979458439952910e-01
   7.2967505141498290e-01
   5.5846910637331815e-01
   3.0224130242137143e-01
   4.8360970488439872e-17
  -3.0224130242137132e-01
  -5.5846910637331804e-01
  -7.2967505141498290e-01
  -7.8979458439952910e-01
  -7.2967505141498301e-01
  -5.5846910637331815e-01
  -3.0224130242137182e-01
  -1.4508291146531961e-16
   3.0224130242137154e-01
   5.5846910637331793e-01
   7.2967505141498279e-01
   5.4868204598127668e-01
   5.0691611213851828e-01
   3.8797679542866986e-01
   2.0997152863321500e-01
   3.3597085568029569e-17
  -2.0997152863321494e-01
  -3.8797679542866981e-01
  -5.0691611213851828e-01
  -5.4868204598127668e-01
  -5.0691611213851828e-01
  -3.8797679542866992e-01
  -2.0997152863321528e-01
  -1.0079125670408870e-16
   2.0997152863321511e-01
   3.8797679542866970e-01
   5.0691611213851806e-01
   2.5033128177783998e-01
   2.3127594758186198e-01
   1.7701094688823107e-01
   9.5797634139096269e-02
   1.5328370147784295e-17
  -9.5797634139096241e-02
  -1.7701094688823105e-01
  -2.3127594758186198e-01
  -2.5033128177783998e-01
  -2.3127594758186201e-01
  -1.7701094688823110e-01
  -9.5797634139096394e-02
  -4.5985110443352877e-17
   9.5797634139096310e-02
   1.7701094688823102e-01
   2.3127594758186193e-01
   0.0000000000000000e+00
   9.5797634139096338e-02
   1.7701094688823121e-01
   2.3127594758186221e-01
   2.5033128177784020e-01
   2.3127594758186221e-01
   1.7701094688823124e-01
   9.5797634139096366e-02
   3.0656740295568614e-17
  -9.5797634139096310e-02
  -1.7701094688823121e-01
  -2.3127594758186215e-01
  -2.5033128177784020e-01
  -2.3127594758186218e-01
  -1.7701094688823127e-01
  -9.5797634139096491e-02
   0.0000000000000000e+00
   2.0997152863321486e-01
   3.8797679542866953e-01
   5.0691611213851795e-01
   5.4868204598127635e-01
   5.0691611213851795e-01
   3.8797679542866959e-01
   2.0997152863321492e-01
   6.7194171136059089e-17
  -2.0997152863321478e-01
  -3.8797679542866953e-01
  -5.0691611213851784e-01
  -5.4868204598127635e-01
  -5.0691611213851784e-01
  -3.8797679542866964e-01
  -2.0997152863321519e-01
   0.0000000000000000e+00
   3.0224130242137137e-01
   5.5846910637331804e-01
   7.2967505141498290e-01
   7.8979458439952910e-01
   7.2967505141498290e-01
   5.5846910637331815e-01
   3.0224130242137148e-01
   9.6721940976879744e-17
  -3.0224130242137132e-01
  -5.5846910637331804e-01
  -7.2967505141498279e-01
  -7.8979458439952910e-01
  -7.2967505141498290e-01
  -5.5846910637331815e-01
  -3.0224130242137187e-01
   0.0000000000000000e+00
   3.6200714289843644e-01
   6.6890197989350808e-01
   8.7396255406134038e-01
   9.4597025186361450e-01
   8.7396255406134038e-01
   6.6890197989350819e-01
   3.6200714289843655e-01
   1.1584794410333911e-16
  -3.6200714289843638e-01
  -6.6890197989350808e-01
  -8.7396255406134016e-01
  -9.4597025186361450e-01
  -8.7396255406134027e-01
  -6.6890197989350830e-01
  -3.6200714289843705e-01
   0.0000000000000000e+00
   3.8268343236508978e-01
   7.0710678118654746e-01
   9.2387953251128674e-01
   1.0000000000000000e+00
   9.2387953251128674e-01
   7.0710678118654757e-01
   3.8268343236508989e-01
   1.2246467991473532e-16
  -3.8268343236508967e-01
  -7.0710678118654746e-01
  -9.2387953251128652e-01
  -1.0000000000000000e+00
  -9.2387953251128663e-01
  -7.0710678118654768e-01
  -3.8268343236509039e-01
   0.0000000000000000e+00
   3.6200714289843644e-01
   6.6890197989350808e-01
   8.7396255406134038e-01
   9.4597025186361450e-01
   8.7396255406134038e-01
   6.6890197989350819e-01
   3.6200714289843655e-01
   1.1584794410333911e-16
  -3.6200714289843638e-01
  -6.6890197989350808e-01
  -8.7396255406134016e-01
  -9.4597025186361450e-01
  -8.7396255406134027e-01
  -6.6890197989350830e-01
  -3.6200714289843705e-01
   0.0000000000000000e+00
   3.0224130242137137e-01
   5.5846910637331804e-01
   7.2967505141498290e-01
   7.8979458439952910e-01
   7.2967505141498290e-01
   5.5846910637331815e-01
   3.0224130242137148e-01
   9.6721940976879744e-17
  -3.0224130242137132e-01
  -5.5846910637331804e-01
  -7.2967505141498279e-01
  -7.8979458439952910e-01
  -7.2967505141498290e-01
  -5.5846910637331815e-01
  -3.0224130242137187e-01
   0.0000000000000000e+00
   2.0997152863321497e-01
   3.8797679542866981e-01
   5.0691611213851828e-01
   5.4868204598127668e-01
   5.0691611213851828e-01
   3.8797679542866986e-01
   2.0997152863321503e-01
   6.7194171136059139e-17
  -2.0997152863321492e-01
  -3.8797679542866981e-01
  -5.0691611213851806e-01
  -5.4868204598127668e-01
  -5.0691611213851817e-01
  -3.8797679542866992e-01
  -2.0997152863321530e-01
   0.0000000000000000e+00
   9.5797634139096255e-02
   1.7701094688823105e-01
   2.3127594758186198e-01
   2.5033128177783998e-01
   2.3127594758186198e-01
   1.7701094688823107e-01
   9.5797634139096283e-02
   3.0656740295568589e-17
  -9.5797634139096227e-02
  -1.7701094688823105e-01
  -2.3127594758186193e-01
  -2.5033128177783998e-01
  -2.3127594758186196e-01
  -1.7701094688823110e-01
  -9.5797634139096408e-02
  -9.6816023950762586e-01
  -9.6816023950762586e-01
  -9.6816023950762586e-01
  -9.6816023950762586e-01
  -9.6816023950762586e-01
  -9.6816023950762586e-01
  -9.6816023950762586e-01
  -9.6816023950762586e-01
  -9.6816023950762586e-01
  -9.6816023950762586e-01
  -9.6816023950762586e-01
  -9.6816023950762586e-01
  -9.6816023950762586e-01
  -9.6816023950762586e-01
  -9.6816023950762586e-01
  -9.6816023950762586e-01
  -8.3603110732663566e-01
  -8.3603110732663566e-01
  -8.3603110732663566e-01
  -8.3603110732663566e-01
  -8.3603110732663566e-01
  -8.3603110732663566e-01
  -8.3603110732663566e-01
  -8.3603110732663566e-01
  -8.3603110732663566e-01
  -8.3603110732663566e-01
  -8.3603110732663566e-01
  -8.3603110732663566e-01
  -8.3603110732663566e-01
  -8.3603110732663566e-01
  -8.3603110732663566e-01
  -8.3603110732663566e-01
  -6.1337143270059047e-01
  -6.1337143270059047e-01
  -6.1337143270059047e-01
  -6.1337143270059047e-01
  -6.1337143270059047e-01
  -6.1337143270059047e-01
  -6.1337143270059047e-01
  -6.1337143270059047e-01
  -6.1337143270059047e-01
  -6.1337143270059047e-01
  -6.1337143270059047e-01
  -6.1337143270059047e-01
  -6.1337143270059047e-01
  -6.1337143270059047e-01
  -6.1337143270059047e-01
  -6.1337143270059047e-01
  -3.2425342340380886e-01
  -3.2425342340380886e-01
  -3.2425342340380886e-01
  -3.2425342340380886e-01
  -3.2425342340380886e-01
  -3.2425342340380886e-01
  -3.2425342340380886e-01
  -3.2425342340380886e-01
  -3.2425342340380886e-01
  -3.2425342340380886e-01
  -3.2425342340380886e-01
  -3.2425342340380886e-01
  -3.2425342340380886e-01
  -3.2425342340380886e-01
  -3.2425342340380886e-01
  -3.2425342340380886e-01
   6.1232339957367660e-17
   6.1232339957367660e-17
   6.1232339957367660e-17
   6.1232339957367660e-17
   6.1232339957367660e-17
   6.1232339957367660e-17
   6.1232339957367660e-17
   6.1232339957367660e-17
   6.1232339957367660e-17
   6.1232339957367660e-17
   6.1232339957367660e-17
   6.1232339957367660e-17
   6.1232339957367660e-17
   6.1232339957367660e-17
   6.1232339957367660e-17
   6.1232339957367660e-17
   3.2425342340380880e-01
   3.2425342340380880e-01
   3.2425342340380880e-01
   3.2425342340380880e-01
   3.2425342340380880e-01
   3.2425342340380880e-01
   3.2425342340380880e-01
   3.2425342340380880e-01
   3.2425342340380880e-01
   3.2425342340380880e-01
   3.2425342340380880e-01
   3.2425342340380880e-01
   3.2425342340380880e-01
   3.2425342340380880e-01
   3.2425342340380880e-01
   3.2425342340380880e-01
   6.1337143270059058e-01
   6.1337143270059058e-01
   6.1337143270059058e-01
   6.1337143270059058e-01
   6.1337143270059058e-01
   6.1337143270059058e-01
   6.1337143270059058e-01
   6.1337143270059058e-01
   6.1337143270059058e-01
   6.1337143270059058e-01
   6.1337143270059058e-01
   6.1337143270059058e-01
   6.1337143270059058e-01
   6.1337143270059058e-01
   6.1337143270059058e-01
   6.1337143270059058e-01
   8.3603110732663544e-01
   8.3603110732663544e-01
   8.3603110732663544e-01
   8.3603110732663544e-01
   8.3603110732663544e-01
   8.3603110732663544e-01
   8.3603110732663544e-01
   8.3603110732663544e-01
   8.3603110732663544e-01
   8.3603110732663544e-01
   8.3603110732663544e-01
   8.3603110732663544e-01
   8.3603110732663544e-01
   8.3603110732663544e-01
   8.3603110732663544e-01
   8.3603110732663544e-01
   9.6816023950762597e-01
   9.6816023950762597e-01
   9.6816023950762597e-01
   9.6816023950762597e-01
   9.6816023950762597e-01
   9.6816023950762597e-01
   9.6816023950762597e-01
   9.6816023950762597e-01
   9.6816023950762597e-01
   9.6816023950762597e-01
   9.6816023950762597e-01
   9.6816023950762597e-01
   9.6816023950762597e-01
   9.6816023950762597e-01
   9.6816023950762597e-01
   9.6816023950762597e-01
