   9.4161137958089017e-02
   9.3355576369657800e-02
   9.0952674986486085e-02
   8.6993548117450054e-02
   8.1545937520956277e-02
   7.4703053324673738e-02
   6.6581979174406766e-02
   5.7321668900453558e-02
   4.7080568979044522e-02
   3.6033907469204249e-02
   2.4370695812079318e-02
   1.2290494792776335e-02
   5.7657068102223027e-18
  -1.2290494792776325e-02
  -2.4370695812079308e-02
  -3.6033907469204221e-02
  -4.7080568979044488e-02
  -5.7321668900453558e-02
  -6.6581979174406752e-02
  -7.4703053324673724e-02
  -8.1545937520956277e-02
  -8.6993548117450054e-02
  -9.0952674986486085e-02
  -9.3355576369657800e-02
  -9.4161137958089017e-02
  -9.3355576369657800e-02
  -9.0952674986486085e-02
  -8.6993548117450067e-02
  -8.1545937520956291e-02
  -7.4703053324673738e-02
  -6.6581979174406794e-02
  -5.7321668900453579e-02
  -4.7080568979044550e-02
  -3.6033907469204221e-02
  -2.4370695812079308e-02
  -1.2290494792776326e-02
  -1.7297120430666907e-17
   1.2290494792776293e-02
   2.4370695812079277e-02
   3.6033907469204186e-02
   4.7080568979044522e-02
   5.7321668900453489e-02
   6.6581979174406752e-02
   7.4703053324673710e-02
   8.1545937520956249e-02
   8.6993548117450067e-02
   9.0952674986486071e-02
   9.3355576369657800e-02
   2.1477333288683173e-01
   2.1293591725077612e-01
   2.0745510903357006e-01
   1.9842468638337707e-01
   1.8599916233544811e-01
   1.7039114105124933e-01
   1.5186768010231447e-01
   1.3074572104115334e-01
   1.0738666644341589e-01
   8.2190196209622798e-02
   5.5587428931255602e-02
   2.8033545332127752e-02
   1.3151073733103372e-17
  -2.8033545332127728e-02
  -5.5587428931255581e-02
  -8.2190196209622729e-02
  -1.0738666644341582e-01
  -1.3074572104115334e-01
  -1.5186768010231444e-01
  -1.7039114105124931e-01
  -1.8599916233544811e-01
  -1.9842468638337707e-01
  -2.0745510903357003e-01
  -2.1293591725077612e-01
  -2.1477333288683173e-01
  -2.1293591725077612e-01
  -2.0745510903357006e-01
  -1.9842468638337710e-01
  -1.8599916233544814e-01
  -1.7039114105124933e-01
  -1.5186768010231455e-01
  -1.3074572104115340e-01
  -1.0738666644341596e-01
  -8.2190196209622729e-02
  -5.5587428931255581e-02
  -2.8033545332127735e-02
  -3.9453221199310114e-17
   2.8033545332127659e-02
   5.5587428931255504e-02
   8.2190196209622646e-02
   1.0738666644341589e-01
   1.3074572104115317e-01
   1.5186768010231441e-01
   1.7039114105124931e-01
   1.8599916233544805e-01
   1.9842468638337710e-01
   2.0745510903357003e-01
   2.1293591725077612e-01
   3.3286477436871004e-01
   3.3001707008021042e-01
   3.2152268222462055e-01
   3.0752695213323877e-01
   2.8826935062827819e-01
   2.6407938061070441e-01
   2.3537093917424498e-01
   2.0263523571136130e-01
   1.6643238718435505e-01
   1.2738183436884915e-01
   8.6151743050375554e-02
   4.3447571522534388e-02
   2.0382089023977334e-17
  -4.3447571522534353e-02
  -8.6151743050375512e-02
  -1.2738183436884903e-01
  -1.6643238718435494e-01
  -2.0263523571136130e-01
  -2.3537093917424495e-01
  -2.6407938061070441e-01
  -2.8826935062827819e-01
  -3.0752695213323877e-01
  -3.2152268222462049e-01
  -3.3001707008021042e-01
  -3.3286477436871004e-01
  -3.3001707008021042e-01
  -3.2152268222462055e-01
  -3.0752695213323883e-01
  -2.8826935062827824e-01
  -2.6407938061070441e-01
  -2.3537093917424509e-01
  -2.0263523571136136e-01
  -1.6643238718435516e-01
  -1.2738183436884903e-01
  -8.6151743050375512e-02
  -4.3447571522534360e-02
  -6.1146267071932000e-17
   4.3447571522534242e-02
   8.6151743050375401e-02
   1.2738183436884892e-01
   1.6643238718435505e-01
   2.0263523571136102e-01
   2.3537093917424490e-01
   2.6407938061070435e-01
   2.8826935062827808e-01
   3.0752695213323883e-01
   3.2152268222462044e-01
   3.3001707008021042e-01
   4.4608219392153842e-01
   4.4226589891386486e-01
   4.3088231175650238e-01
   4.1212620878184009e-01
   3.8631851211194862e-01
   3.5390079859209500e-01
   3.1542774428849235e-01
   2.7155763382702097e-01
   2.2304109696076926e-01
   1.7070826508684395e-01
   1.1545456746801006e-01
   5.8225410189745107e-02
   2.7314656547132047e-17
  -5.8225410189745058e-02
  -1.1545456746801000e-01
  -1.7070826508684378e-01
  -2.2304109696076910e-01
  -2.7155763382702097e-01
  -3.1542774428849230e-01
  -3.5390079859209500e-01
  -3.8631851211194862e-01
  -4.1212620878184009e-01
  -4.3088231175650238e-01
  -4.4226589891386486e-01
  -4.4608219392153842e-01
  -4.4226589891386486e-01
  -4.3088231175650238e-01
  -4.1212620878184014e-01
  -3.8631851211194862e-01
  -3.5390079859209500e-01
  -3.1542774428849252e-01
  -2.7155763382702108e-01
  -2.2304109696076940e-01
  -1.7070826508684378e-01
  -1.1545456746801000e-01
  -5.8225410189745072e-02
  -8.1943969641396128e-17
   5.8225410189744906e-02
   1.1545456746800986e-01
   1.7070826508684364e-01
   2.2304109696076926e-01
   2.7155763382702064e-01
   3.1542774428849224e-01
   3.5390079859209495e-01
   3.8631851211194845e-01
   4.1212620878184014e-01
   4.3088231175650232e-01
   4.4226589891386486e-01
   5.5260599396335852e-01
   5.4787837307933873e-01
   5.3377640133134896e-01
   5.1054136736580258e-01
   4.7857082905581866e-01
   4.3841181117578865e-01
   3.9075144565582320e-01
   3.3640521456391859e-01
   2.7630299698167932e-01
   2.1147315851542015e-01
   1.4302495567552578e-01
   7.2129556190014071e-02
   3.3837358084843430e-17
  -7.2129556190014016e-02
  -1.4302495567552573e-01
  -2.1147315851541998e-01
  -2.7630299698167915e-01
  -3.3640521456391859e-01
  -3.9075144565582315e-01
  -4.3841181117578853e-01
  -4.7857082905581866e-01
  -5.1054136736580258e-01
  -5.3377640133134896e-01
  -5.4787837307933873e-01
  -5.5260599396335852e-01
  -5.4787837307933873e-01
  -5.3377640133134896e-01
  -5.1054136736580269e-01
  -4.7857082905581871e-01
  -4.3841181117578865e-01
  -3.9075144565582337e-01
  -3.3640521456391870e-01
  -2.7630299698167948e-01
  -2.1147315851541998e-01
  -1.4302495567552573e-01
  -7.2129556190014030e-02
  -1.0151207425453028e-16
   7.2129556190013822e-02
   1.4302495567552553e-01
   2.1147315851541978e-01
   2.7630299698167932e-01
   3.3640521456391814e-01
   3.9075144565582304e-01
   4.3841181117578848e-01
   4.7857082905581849e-01
   5.1054136736580269e-01
   5.3377640133134885e-01
   5.4787837307933873e-01
   6.5078826932572209e-01
   6.4522068546534250e-01
   6.2861319678768079e-01
   6.0124996202847747e-01
   5.6359917372098456e-01
   5.1630504729191362e-01
   4.6017679835687536e-01
   3.9617479681683876e-01
   3.2539413466286110e-01
   2.4904588864850383e-01
   1.6843639843080549e-01
   8.4944914736563987e-02
   3.9849288547619561e-17
  -8.4944914736563917e-02
  -1.6843639843080541e-01
  -2.4904588864850363e-01
  -3.2539413466286088e-01
  -3.9617479681683876e-01
  -4.6017679835687531e-01
  -5.1630504729191351e-01
  -5.6359917372098456e-01
  -6.0124996202847747e-01
  -6.2861319678768079e-01
  -6.4522068546534250e-01
  -6.5078826932572209e-01
  -6.4522068546534250e-01
  -6.2861319678768079e-01
  -6.0124996202847758e-01
  -5.6359917372098456e-01
  -5.1630504729191362e-01
  -4.6017679835687558e-01
  -3.9617479681683887e-01
  -3.2539413466286132e-01
  -2.4904588864850363e-01
  -1.6843639843080541e-01
  -8.4944914736563931e-02
  -1.1954786564285868e-16
   8.4944914736563695e-02
   1.6843639843080518e-01
   2.4904588864850341e-01
   3.2539413466286110e-01
   3.9617479681683826e-01
   4.6017679835687519e-01
   5.1630504729191340e-01
   5.6359917372098434e-01
   6.0124996202847758e-01
   6.2861319678768068e-01
   6.4522068546534250e-01
   7.3912674641191511e-01
   7.3280341463403664e-01
   7.1394161326027972e-01
   6.8286407294162854e-01
   6.4010253900925718e-01
   5.8638867316448562e-01
   5.2264153454421491e-01
   4.4995185436428375e-01
   3.6956337320595761e-01
   2.8285156026975300e-01
   1.9130007871606486e-01
   9.6475399777143048e-02
   4.5258460207877465e-17
  -9.6475399777142964e-02
  -1.9130007871606478e-01
  -2.8285156026975278e-01
  -3.6956337320595739e-01
  -4.4995185436428375e-01
  -5.2264153454421480e-01
  -5.8638867316448551e-01
  -6.4010253900925718e-01
  -6.8286407294162854e-01
  -7.1394161326027972e-01
  -7.3280341463403664e-01
  -7.3912674641191511e-01
  -7.3280341463403664e-01
  -7.1394161326027972e-01
  -6.8286407294162865e-01
  -6.4010253900925729e-01
  -5.8638867316448562e-01
  -5.2264153454421514e-01
  -4.4995185436428392e-01
  -3.6956337320595789e-01
  -2.8285156026975278e-01
  -1.9130007871606478e-01
  -9.6475399777142992e-02
  -1.3577538062363239e-16
   9.6475399777142715e-02
   1.9130007871606453e-01
   2.8285156026975256e-01
   3.6956337320595761e-01
   4.4995185436428314e-01
   5.2264153454421469e-01
   5.8638867316448540e-01
   6.4010253900925695e-01
   6.8286407294162865e-01
   7.1394161326027961e-01
   7.3280341463403664e-01
   8.1627540635812634e-01
   8.0929205709958330e-01
   7.8846149636591822e-01
   7.5414014082660641e-01
   7.0691523839060311e-01
   6.4759482023180492e-01
   5.7719387515163589e-01
   4.9691698283924712e-01
   4.0813770317906328e-01
   3.1237507426033628e-01
   2.1126762121428236e-01
   1.0654532059480162e-01
   4.9982453180959225e-17
  -1.0654532059480153e-01
  -2.1126762121428225e-01
  -3.1237507426033601e-01
  -4.0813770317906300e-01
  -4.9691698283924712e-01
  -5.7719387515163578e-01
  -6.4759482023180481e-01
  -7.0691523839060311e-01
  -7.5414014082660641e-01
  -7.8846149636591811e-01
  -8.0929205709958330e-01
  -8.1627540635812634e-01
  -8.0929205709958330e-01
  -7.8846149636591822e-01
  -7.5414014082660652e-01
  -7.0691523839060322e-01
  -6.4759482023180492e-01
  -5.7719387515163612e-01
  -4.9691698283924729e-01
  -4.0813770317906356e-01
  -3.1237507426033601e-01
  -2.1126762121428225e-01
  -1.0654532059480155e-01
  -1.4994735954287767e-16
   1.0654532059480126e-01
   2.1126762121428200e-01
   3.1237507426033573e-01
   4.0813770317906328e-01
   4.9691698283924651e-01
   5.7719387515163567e-01
   6.4759482023180470e-01
   7.0691523839060288e-01
   7.5414014082660652e-01
   7.8846149636591800e-01
   8.0929205709958330e-01
   8.8106096045897575e-01
   8.7352336180412549e-01
   8.5103953624237627e-01
   8.1399418826278380e-01
   7.6302117404018988e-01
   6.9899265598033233e-01
   6.2300417977927436e-01
   5.3635592933280196e-01
   4.4053048022948799e-01
   3.3716743247132352e-01
   2.2803535646310188e-01
   1.1500153228245165e-01
   5.3949424253988872e-17
  -1.1500153228245155e-01
  -2.2803535646310180e-01
  -3.3716743247132325e-01
  -4.4053048022948765e-01
  -5.3635592933280196e-01
  -6.2300417977927436e-01
  -6.9899265598033222e-01
  -7.6302117404018988e-01
  -8.1399418826278380e-01
  -8.5103953624237616e-01
  -8.7352336180412549e-01
  -8.8106096045897575e-01
  -8.7352336180412549e-01
  -8.5103953624237627e-01
  -8.1399418826278391e-01
  -7.6302117404018999e-01
  -6.9899265598033233e-01
  -6.2300417977927469e-01
  -5.3635592933280218e-01
  -4.4053048022948826e-01
  -3.3716743247132325e-01
  -2.2803535646310180e-01
  -1.1500153228245158e-01
  -1.6184827276196660e-16
   1.1500153228245126e-01
   2.2803535646310150e-01
   3.3716743247132297e-01
   4.4053048022948799e-01
   5.3635592933280130e-01
   6.2300417977927425e-01
   6.9899265598033211e-01
   7.6302117404018954e-01
   8.1399418826278391e-01
   8.5103953624237605e-01
   8.7352336180412549e-01
   9.3249909679116050e-01
   9.2452143774931550e-01
   9.0072496058181162e-01
   8.6151682961061449e-01
   8.0756790682718915e-01
   7.3980127325782696e-01
   6.5937643479136032e-01
   5.6766948271192819e-01
   4.6624954839558036e-01
   3.5685195503738742e-01
   2.4134852579045121e-01
   1.2171555635278762e-01
   5.7099101704654628e-17
  -1.2171555635278752e-01
  -2.4134852579045113e-01
  -3.5685195503738709e-01
  -4.6624954839558003e-01
  -5.6766948271192819e-01
  -6.5937643479136032e-01
  -7.3980127325782685e-01
  -8.0756790682718915e-01
  -8.6151682961061449e-01
  -9.0072496058181151e-01
  -9.2452143774931550e-01
  -9.3249909679116050e-01
  -9.2452143774931550e-01
  -9.0072496058181162e-01
  -8.6151682961061460e-01
  -8.0756790682718926e-01
  -7.3980127325782696e-01
  -6.5937643479136065e-01
  -5.6766948271192841e-01
  -4.6624954839558064e-01
  -3.5685195503738709e-01
  -2.4134852579045113e-01
  -1.2171555635278754e-01
  -1.7129730511396389e-16
   1.2171555635278720e-01
   2.4134852579045080e-01
   3.5685195503738681e-01
   4.6624954839558036e-01
   5.6766948271192741e-01
   6.5937643479136021e-01
   7.3980127325782674e-01
   8.0756790682718882e-01
   8.6151682961061460e-01
   9.0072496058181140e-01
   9.2452143774931550e-01
   9.6980871465676866e-01
   9.6151186666199318e-01
   9.3676328404717857e-01
   8.9598642192246725e-01
   8.3987898370429559e-01
   7.6940098321649675e-01
   6.8575831858761072e-01
   5.9038213899956515e-01
   4.8490435732838444e-01
   3.7112972766242824e-01
   2.5100496545956785e-01
   1.2658543870597067e-01
   5.9383656909481022e-17
  -1.2658543870597055e-01
  -2.5100496545956774e-01
  -3.7112972766242791e-01
  -4.8490435732838411e-01
  -5.9038213899956515e-01
  -6.8575831858761060e-01
  -7.6940098321649664e-01
  -8.3987898370429559e-01
  -8.9598642192246725e-01
  -9.3676328404717846e-01
  -9.6151186666199318e-01
  -9.6980871465676866e-01
  -9.6151186666199318e-01
  -9.3676328404717857e-01
  -8.9598642192246736e-01
  -8.3987898370429570e-01
  -7.6940098321649675e-01
  -6.8575831858761094e-01
  -5.9038213899956526e-01
  -4.8490435732838477e-01
  -3.7112972766242791e-01
  -2.5100496545956774e-01
  -1.2658543870597058e-01
  -1.7815097072844308e-16
   1.2658543870597025e-01
   2.5100496545956746e-01
   3.7112972766242758e-01
   4.8490435732838444e-01
   5.9038213899956438e-01
   6.8575831858761049e-01
   7.6940098321649653e-01
   8.3987898370429526e-01
   8.9598642192246736e-01
   9.3676328404717835e-01
   9.6151186666199318e-01
   9.9242343145941270e-01
   9.8393311142739859e-01
   9.5860742306106572e-01
   9.1687969590996921e-01
   8.5946390295477615e-01
   7.8734244433161471e-01
   7.0174933819337360e-01
   6.0414910631697016e-01
   4.9621171572970646e-01
   3.7978400511042854e-01
   2.5685808486769213e-01
   1.2953725157835461e-01
   6.0768408936780127e-17
  -1.2953725157835450e-01
  -2.5685808486769202e-01
  -3.7978400511042820e-01
  -4.9621171572970613e-01
  -6.0414910631697016e-01
  -7.0174933819337348e-01
  -7.8734244433161460e-01
  -8.5946390295477615e-01
  -9.1687969590996921e-01
  -9.5860742306106561e-01
  -9.8393311142739859e-01
  -9.9242343145941270e-01
  -9.8393311142739859e-01
  -9.5860742306106572e-01
  -9.1687969590996932e-01
  -8.5946390295477626e-01
  -7.8734244433161471e-01
  -7.0174933819337393e-01
  -6.0414910631697039e-01
  -4.9621171572970679e-01
  -3.7978400511042820e-01
  -2.5685808486769202e-01
  -1.2953725157835452e-01
  -1.8230522681034035e-16
   1.2953725157835419e-01
   2.5685808486769168e-01
   3.7978400511042787e-01
   4.9621171572970646e-01
   6.0414910631696939e-01
   7.0174933819337337e-01
   7.8734244433161449e-01
   8.5946390295477582e-01
   9.1687969590996932e-01
   9.5860742306106550e-01
   9.8393311142739859e-01
   1.0000000000000000e+00
   9.9144486137381038e-01
   9.6592582628906831e-01
   9.2387953251128674e-01
   8.6602540378443871e-01
   7.9335334029123517e-01
   7.0710678118654757e-01
   6.0876142900872066e-01
   5.0000000000000011e-01
   3.8268343236508984e-01
   2.5881904510252074e-01
   1.3052619222005171e-01
   6.1232339957367660e-17
  -1.3052619222005160e-01
  -2.5881904510252063e-01
  -3.8268343236508950e-01
  -4.9999999999999978e-01
  -6.0876142900872066e-01
  -7.0710678118654746e-01
  -7.9335334029123505e-01
  -8.6602540378443871e-01
  -9.2387953251128674e-01
  -9.6592582628906820e-01
  -9.9144486137381038e-01
  -1.0000000000000000e+00
  -9.9144486137381038e-01
  -9.6592582628906831e-01
  -9.2387953251128685e-01
  -8.6602540378443882e-01
  -7.9335334029123517e-01
  -7.0710678118654791e-01
  -6.0876142900872088e-01
  -5.0000000000000044e-01
  -3.8268343236508950e-01
  -2.5881904510252063e-01
  -1.3052619222005163e-01
  -1.8369701987210297e-16
   1.3052619222005127e-01
   2.5881904510252030e-01
   3.8268343236508917e-01
   5.0000000000000011e-01
   6.0876142900871988e-01
   7.0710678118654735e-01
   7.9335334029123494e-01
   8.6602540378443837e-01
   9.2387953251128685e-01
   9.6592582628906809e-01
   9.9144486137381038e-01
   9.9242343145941281e-01
   9.8393311142739870e-01
   9.5860742306106583e-01
   9.1687969590996932e-01
   8.5946390295477626e-01
   7.8734244433161482e-01
   7.0174933819337371e-01
   6.0414910631697027e-01
   4.9621171572970652e-01
   3.7978400511042859e-01
   2.5685808486769218e-01
   1.2953725157835463e-01
   6.0768408936780127e-17
  -1.2953725157835452e-01
  -2.5685808486769207e-01
  -3.7978400511042826e-01
  -4.9621171572970618e-01
  -6.0414910631697027e-01
  -7.0174933819337360e-01
  -7.8734244433161471e-01
  -8.5946390295477626e-01
  -9.1687969590996932e-01
  -9.5860742306106572e-01
  -9.8393311142739870e-01
  -9.9242343145941281e-01
  -9.8393311142739870e-01
  -9.5860742306106583e-01
  -9.1687969590996943e-01
  -8.5946390295477637e-01
  -7.8734244433161482e-01
  -7.0174933819337404e-01
  -6.0414910631697050e-01
  -4.9621171572970685e-01
  -3.7978400511042826e-01
  -2.5685808486769207e-01
  -1.2953725157835455e-01
  -1.8230522681034037e-16
   1.2953725157835419e-01
   2.5685808486769174e-01
   3.7978400511042792e-01
   4.9621171572970652e-01
   6.0414910631696950e-01
   7.0174933819337348e-01
   7.8734244433161460e-01
   8.5946390295477593e-01
   9.1687969590996943e-01
   9.5860742306106561e-01
   9.8393311142739870e-01
   9.6980871465676877e-01
   9.6151186666199329e-01
   9.3676328404717868e-01
   8.9598642192246736e-01
   8.3987898370429570e-01
   7.6940098321649686e-01
   6.8575831858761072e-01
   5.9038213899956515e-01
   4.8490435732838449e-01
   3.7112972766242830e-01
   2.5100496545956791e-01
   1.2658543870597069e-01
   5.9383656909481034e-17
  -1.2658543870597058e-01
  -2.5100496545956780e-01
  -3.7112972766242797e-01
  -4.8490435732838416e-01
  -5.9038213899956515e-01
  -6.8575831858761060e-01
  -7.6940098321649675e-01
  -8.3987898370429570e-01
  -8.9598642192246736e-01
  -9.3676328404717857e-01
  -9.6151186666199329e-01
  -9.6980871465676877e-01
  -9.6151186666199329e-01
  -9.3676328404717868e-01
  -8.9598642192246747e-01
  -8.3987898370429581e-01
  -7.6940098321649686e-01
  -6.8575831858761105e-01
  -5.9038213899956538e-01
  -4.8490435732838483e-01
  -3.7112972766242797e-01
  -2.5100496545956780e-01
  -1.2658543870597061e-01
  -1.7815097072844308e-16
   1.2658543870597025e-01
   2.5100496545956746e-01
   3.7112972766242763e-01
   4.8490435732838449e-01
   5.9038213899956438e-01
   6.8575831858761049e-01
   7.6940098321649664e-01
   8.3987898370429537e-01
   8.9598642192246747e-01
   9.3676328404717846e-01
   9.6151186666199329e-01
   9.3249909679116039e-01
   9.2452143774931539e-01
   9.0072496058181151e-01
   8.6151682961061438e-01
   8.0756790682718904e-01
   7.3980127325782685e-01
   6.5937643479136032e-01
   5.6766948271192808e-01
   4.6624954839558030e-01
   3.5685195503738737e-01
   2.4134852579045118e-01
   1.2171555635278761e-01
   5.7099101704654628e-17
  -1.2171555635278751e-01
  -2.4134852579045110e-01
  -3.5685195503738709e-01
  -4.6624954839557997e-01
  -5.6766948271192808e-01
  -6.5937643479136021e-01
  -7.3980127325782685e-01
  -8.0756790682718904e-01
  -8.6151682961061438e-01
  -9.0072496058181140e-01
  -9.2452143774931539e-01
  -9.3249909679116039e-01
  -9.2452143774931539e-01
  -9.0072496058181151e-01
  -8.6151682961061449e-01
  -8.0756790682718915e-01
  -7.3980127325782685e-01
  -6.5937643479136065e-01
  -5.6766948271192830e-01
  -4.6624954839558058e-01
  -3.5685195503738709e-01
  -2.4134852579045110e-01
  -1.2171555635278752e-01
  -1.7129730511396386e-16
   1.2171555635278719e-01
   2.4134852579045077e-01
   3.5685195503738676e-01
   4.6624954839558030e-01
   5.6766948271192741e-01
   6.5937643479136010e-01
   7.3980127325782674e-01
   8.0756790682718871e-01
   8.6151682961061449e-01
   9.0072496058181128e-01
   9.2452143774931539e-01
   8.8106096045897597e-01
   8.7352336180412571e-01
   8.5103953624237649e-01
   8.1399418826278402e-01
   7.6302117404019010e-01
   6.9899265598033244e-01
   6.2300417977927458e-01
   5.3635592933280218e-01
   4.4053048022948810e-01
   3.3716743247132364e-01
   2.2803535646310194e-01
   1.1500153228245168e-01
   5.3949424253988884e-17
  -1.1500153228245158e-01
  -2.2803535646310186e-01
  -3.3716743247132330e-01
  -4.4053048022948776e-01
  -5.3635592933280218e-01
  -6.2300417977927447e-01
  -6.9899265598033233e-01
  -7.6302117404019010e-01
  -8.1399418826278402e-01
  -8.5103953624237638e-01
  -8.7352336180412571e-01
  -8.8106096045897597e-01
  -8.7352336180412571e-01
  -8.5103953624237649e-01
  -8.1399418826278414e-01
  -7.6302117404019010e-01
  -6.9899265598033244e-01
  -6.2300417977927491e-01
  -5.3635592933280229e-01
  -4.4053048022948837e-01
  -3.3716743247132330e-01
  -2.2803535646310186e-01
  -1.1500153228245161e-01
  -1.6184827276196663e-16
   1.1500153228245129e-01
   2.2803535646310155e-01
   3.3716743247132303e-01
   4.4053048022948810e-01
   5.3635592933280141e-01
   6.2300417977927436e-01
   6.9899265598033222e-01
   7.6302117404018976e-01
   8.1399418826278414e-01
   8.5103953624237627e-01
   8.7352336180412571e-01
   8.1627540635812623e-01
   8.0929205709958318e-01
   7.8846149636591811e-01
   7.5414014082660630e-01
   7.0691523839060311e-01
   6.4759482023180481e-01
   5.7719387515163578e-01
   4.9691698283924707e-01
   4.0813770317906323e-01
   3.1237507426033623e-01
   2.1126762121428233e-01
   1.0654532059480161e-01
   4.9982453180959219e-17
  -1.0654532059480151e-01
  -2.1126762121428222e-01
  -3.1237507426033595e-01
  -4.0813770317906295e-01
  -4.9691698283924707e-01
  -5.7719387515163567e-01
  -6.4759482023180470e-01
  -7.0691523839060311e-01
  -7.5414014082660630e-01
  -7.8846149636591800e-01
  -8.0929205709958318e-01
  -8.1627540635812623e-01
  -8.0929205709958318e-01
  -7.8846149636591811e-01
  -7.5414014082660641e-01
  -7.0691523839060311e-01
  -6.4759482023180481e-01
  -5.7719387515163600e-01
  -4.9691698283924723e-01
  -4.0813770317906350e-01
  -3.1237507426033595e-01
  -2.1126762121428222e-01
  -1.0654532059480154e-01
  -1.4994735954287765e-16
   1.0654532059480125e-01
   2.1126762121428194e-01
   3.1237507426033567e-01
   4.0813770317906323e-01
   4.9691698283924646e-01
   5.7719387515163556e-01
   6.4759482023180459e-01
   7.0691523839060277e-01
   7.5414014082660641e-01
   7.8846149636591789e-01
   8.0929205709958318e-01
   7.3912674641191523e-01
   7.3280341463403675e-01
   7.1394161326027983e-01
   6.8286407294162865e-01
   6.4010253900925729e-01
   5.8638867316448562e-01
   5.2264153454421503e-01
   4.4995185436428381e-01
   3.6956337320595767e-01
   2.8285156026975306e-01
   1.9130007871606489e-01
   9.6475399777143062e-02
   4.5258460207877471e-17
  -9.6475399777142978e-02
  -1.9130007871606480e-01
  -2.8285156026975283e-01
  -3.6956337320595745e-01
  -4.4995185436428381e-01
  -5.2264153454421491e-01
  -5.8638867316448562e-01
  -6.4010253900925729e-01
  -6.8286407294162865e-01
  -7.1394161326027983e-01
  -7.3280341463403675e-01
  -7.3912674641191523e-01
  -7.3280341463403675e-01
  -7.1394161326027983e-01
  -6.8286407294162865e-01
  -6.4010253900925740e-01
  -5.8638867316448562e-01
  -5.2264153454421525e-01
  -4.4995185436428398e-01
  -3.6956337320595795e-01
  -2.8285156026975283e-01
  -1.9130007871606480e-01
  -9.6475399777143006e-02
  -1.3577538062363241e-16
   9.6475399777142742e-02
   1.9130007871606458e-01
   2.8285156026975256e-01
   3.6956337320595767e-01
   4.4995185436428325e-01
   5.2264153454421480e-01
   5.8638867316448551e-01
   6.4010253900925707e-01
   6.8286407294162865e-01
   7.1394161326027972e-01
   7.3280341463403675e-01
   6.5078826932572209e-01
   6.4522068546534250e-01
   6.2861319678768079e-01
   6.0124996202847747e-01
   5.6359917372098456e-01
   5.1630504729191362e-01
   4.6017679835687536e-01
   3.9617479681683876e-01
   3.2539413466286110e-01
   2.4904588864850383e-01
   1.6843639843080549e-01
   8.4944914736563987e-02
   3.9849288547619561e-17
  -8.4944914736563917e-02
  -1.6843639843080541e-01
  -2.4904588864850363e-01
  -3.2539413466286088e-01
  -3.9617479681683876e-01
  -4.6017679835687531e-01
  -5.1630504729191351e-01
  -5.6359917372098456e-01
  -6.0124996202847747e-01
  -6.2861319678768079e-01
  -6.4522068546534250e-01
  -6.5078826932572209e-01
  -6.4522068546534250e-01
  -6.2861319678768079e-01
  -6.0124996202847758e-01
  -5.6359917372098456e-01
  -5.1630504729191362e-01
  -4.6017679835687558e-01
  -3.9617479681683887e-01
  -3.2539413466286132e-01
  -2.4904588864850363e-01
  -1.6843639843080541e-01
  -8.4944914736563931e-02
  -1.1954786564285868e-16
   8.4944914736563695e-02
   1.6843639843080518e-01
   2.4904588864850341e-01
   3.2539413466286110e-01
   3.9617479681683826e-01
   4.6017679835687519e-01
   5.1630504729191340e-01
   5.6359917372098434e-01
   6.0124996202847758e-01
   6.2861319678768068e-01
   6.4522068546534250e-01
   5.5260599396335730e-01
   5.4787837307933751e-01
   5.3377640133134785e-01
   5.1054136736580147e-01
   4.7857082905581760e-01
   4.3841181117578765e-01
   3.9075144565582232e-01
   3.3640521456391786e-01
   2.7630299698167871e-01
   2.1147315851541967e-01
   1.4302495567552548e-01
   7.2129556190013905e-02
   3.3837358084843356e-17
  -7.2129556190013849e-02
  -1.4302495567552542e-01
  -2.1147315851541951e-01
  -2.7630299698167854e-01
  -3.3640521456391786e-01
  -3.9075144565582226e-01
  -4.3841181117578759e-01
  -4.7857082905581760e-01
  -5.1054136736580147e-01
  -5.3377640133134774e-01
  -5.4787837307933751e-01
  -5.5260599396335730e-01
  -5.4787837307933751e-01
  -5.3377640133134785e-01
  -5.1054136736580158e-01
  -4.7857082905581766e-01
  -4.3841181117578765e-01
  -3.9075144565582248e-01
  -3.3640521456391798e-01
  -2.7630299698167887e-01
  -2.1147315851541951e-01
  -1.4302495567552542e-01
  -7.2129556190013863e-02
  -1.0151207425453006e-16
   7.2129556190013669e-02
   1.4302495567552523e-01
   2.1147315851541931e-01
   2.7630299698167871e-01
   3.3640521456391742e-01
   3.9075144565582220e-01
   4.3841181117578754e-01
   4.7857082905581744e-01
   5.1054136736580158e-01
   5.3377640133134763e-01
   5.4787837307933751e-01
   4.4608219392153842e-01
   4.4226589891386486e-01
   4.3088231175650238e-01
   4.1212620878184009e-01
   3.8631851211194862e-01
   3.5390079859209500e-01
   3.1542774428849235e-01
   2.7155763382702097e-01
   2.2304109696076926e-01
   1.7070826508684395e-01
   1.1545456746801006e-01
   5.8225410189745107e-02
   2.7314656547132047e-17
  -5.8225410189745058e-02
  -1.1545456746801000e-01
  -1.7070826508684378e-01
  -2.2304109696076910e-01
  -2.7155763382702097e-01
  -3.1542774428849230e-01
  -3.5390079859209500e-01
  -3.8631851211194862e-01
  -4.1212620878184009e-01
  -4.3088231175650238e-01
  -4.4226589891386486e-01
  -4.4608219392153842e-01
  -4.4226589891386486e-01
  -4.3088231175650238e-01
  -4.1212620878184014e-01
  -3.8631851211194862e-01
  -3.5390079859209500e-01
  -3.1542774428849252e-01
  -2.7155763382702108e-01
  -2.2304109696076940e-01
  -1.7070826508684378e-01
  -1.1545456746801000e-01
  -5.8225410189745072e-02
  -8.1943969641396128e-17
   5.8225410189744906e-02
   1.1545456746800986e-01
   1.7070826508684364e-01
   2.2304109696076926e-01
   2.7155763382702064e-01
   3.1542774428849224e-01
   3.5390079859209495e-01
   3.8631851211194845e-01
   4.1212620878184014e-01
   4.3088231175650232e-01
   4.4226589891386486e-01
   3.3286477436871031e-01
   3.3001707008021069e-01
   3.2152268222462077e-01
   3.0752695213323905e-01
   2.8826935062827841e-01
   2.6407938061070463e-01
   2.3537093917424518e-01
   2.0263523571136147e-01
   1.6643238718435518e-01
   1.2738183436884926e-01
   8.6151743050375623e-02
   4.3447571522534423e-02
   2.0382089023977350e-17
  -4.3447571522534388e-02
  -8.6151743050375582e-02
  -1.2738183436884915e-01
  -1.6643238718435507e-01
  -2.0263523571136147e-01
  -2.3537093917424515e-01
  -2.6407938061070463e-01
  -2.8826935062827841e-01
  -3.0752695213323905e-01
  -3.2152268222462077e-01
  -3.3001707008021069e-01
  -3.3286477436871031e-01
  -3.3001707008021069e-01
  -3.2152268222462077e-01
  -3.0752695213323905e-01
  -2.8826935062827846e-01
  -2.6407938061070463e-01
  -2.3537093917424529e-01
  -2.0263523571136155e-01
  -1.6643238718435530e-01
  -1.2738183436884915e-01
  -8.6151743050375582e-02
  -4.3447571522534395e-02
  -6.1146267071932049e-17
   4.3447571522534277e-02
   8.6151743050375471e-02
   1.2738183436884903e-01
   1.6643238718435518e-01
   2.0263523571136122e-01
   2.3537093917424509e-01
   2.6407938061070457e-01
   2.8826935062827830e-01
   3.0752695213323905e-01
   3.2152268222462072e-01
   3.3001707008021069e-01
   2.1477333288683167e-01
   2.1293591725077607e-01
   2.0745510903357001e-01
   1.9842468638337701e-01
   1.8599916233544808e-01
   1.7039114105124931e-01
   1.5186768010231444e-01
   1.3074572104115331e-01
   1.0738666644341587e-01
   8.2190196209622771e-02
   5.5587428931255588e-02
   2.8033545332127745e-02
   1.3151073733103369e-17
  -2.8033545332127721e-02
  -5.5587428931255567e-02
  -8.2190196209622701e-02
  -1.0738666644341580e-01
  -1.3074572104115331e-01
  -1.5186768010231441e-01
  -1.7039114105124928e-01
  -1.8599916233544808e-01
  -1.9842468638337701e-01
  -2.0745510903356998e-01
  -2.1293591725077607e-01
  -2.1477333288683167e-01
  -2.1293591725077607e-01
  -2.0745510903357001e-01
  -1.9842468638337704e-01
  -1.8599916233544808e-01
  -1.7039114105124931e-01
  -1.5186768010231450e-01
  -1.3074572104115337e-01
  -1.0738666644341593e-01
  -8.2190196209622701e-02
  -5.5587428931255567e-02
  -2.8033545332127728e-02
  -3.9453221199310101e-17
   2.8033545332127648e-02
   5.5587428931255491e-02
   8.2190196209622632e-02
   1.0738666644341587e-01
   1.3074572104115315e-01
   1.5186768010231438e-01
   1.7039114105124925e-01
   1.8599916233544800e-01
   1.9842468638337704e-01
   2.0745510903356998e-01
   2.1293591725077607e-01
   9.4161137958082161e-02
   9.3355576369651000e-02
   9.0952674986479465e-02
   8.6993548117443725e-02
   8.1545937520950337e-02
   7.4703053324668298e-02
   6.6581979174401923e-02
   5.7321668900449388e-02
   4.7080568979041094e-02
   3.6033907469201626e-02
   2.4370695812077545e-02
   1.2290494792775440e-02
   5.7657068102218829e-18
  -1.2290494792775429e-02
  -2.4370695812077535e-02
  -3.6033907469201598e-02
  -4.7080568979041060e-02
  -5.7321668900449388e-02
  -6.6581979174401909e-02
  -7.4703053324668284e-02
  -8.1545937520950337e-02
  -8.6993548117443725e-02
  -9.0952674986479451e-02
  -9.3355576369651000e-02
  -9.4161137958082161e-02
  -9.3355576369651000e-02
  -9.0952674986479465e-02
  -8.6993548117443739e-02
  -8.1545937520950351e-02
  -7.4703053324668298e-02
  -6.6581979174401951e-02
  -5.7321668900449409e-02
  -4.7080568979041122e-02
  -3.6033907469201598e-02
  -2.4370695812077535e-02
  -1.2290494792775431e-02
  -1.7297120430665647e-17
   1.2290494792775398e-02
   2.4370695812077504e-02
   3.6033907469201563e-02
   4.7080568979041094e-02
   5.7321668900449312e-02
   6.6581979174401895e-02
   7.4703053324668270e-02
   8.1545937520950310e-02
   8.6993548117443739e-02
   9.0952674986479451e-02
   9.3355576369651000e-02
   0.0000000000000000e+00
   1.2290494792776321e-02
   2.4370695812079318e-02
   3.6033907469204249e-02
   4.7080568979044501e-02
   5.7321668900453558e-02
   6.6581979174406752e-02
   7.4703053324673738e-02
   8.1545937520956263e-02
   8.6993548117450054e-02
   9.0952674986486085e-02
   9.3355576369657800e-02
   9.4161137958089017e-02
   9.3355576369657800e-02
   9.0952674986486085e-02
   8.6993548117450067e-02
   8.1545937520956277e-02
   7.4703053324673738e-02
   6.6581979174406766e-02
   5.7321668900453579e-02
   4.7080568979044501e-02
   3.6033907469204256e-02
   2.4370695812079346e-02
   1.2290494792776361e-02
   1.1531413620444605e-17
  -1.2290494792776340e-02
  -2.4370695812079325e-02
  -3.6033907469204235e-02
  -4.7080568979044481e-02
  -5.7321668900453558e-02
  -6.6581979174406725e-02
  -7.4703053324673710e-02
  -8.1545937520956263e-02
  -8.6993548117450067e-02
  -9.0952674986486085e-02
  -9.3355576369657800e-02
  -9.4161137958089017e-02
  -9.3355576369657814e-02
  -9.0952674986486098e-02
  -8.6993548117450081e-02
  -8.1545937520956263e-02
  -7.4703053324673793e-02
  -6.6581979174406780e-02
  -5.7321668900453579e-02
  -4.7080568979044550e-02
  -3.6033907469204228e-02
  -2.4370695812079398e-02
  -1.2290494792776331e-02
   0.0000000000000000e+00
   2.8033545332127721e-02
   5.5587428931255602e-02
   8.2190196209622784e-02
   1.0738666644341585e-01
   1.3074572104115334e-01
   1.5186768010231444e-01
   1.7039114105124933e-01
   1.8599916233544808e-01
   1.9842468638337707e-01
   2.0745510903357006e-01
   2.1293591725077612e-01
   2.1477333288683173e-01
   2.1293591725077612e-01
   2.0745510903357006e-01
   1.9842468638337710e-01
   1.8599916233544811e-01
   1.7039114105124933e-01
   1.5186768010231447e-01
   1.3074572104115340e-01
   1.0738666644341585e-01
   8.2190196209622812e-02
   5.5587428931255664e-02
   2.8033545332127811e-02
   2.6302147466206745e-17
  -2.8033545332127763e-02
  -5.5587428931255616e-02
  -8.2190196209622757e-02
  -1.0738666644341581e-01
  -1.3074572104115334e-01
  -1.5186768010231438e-01
  -1.7039114105124931e-01
  -1.8599916233544808e-01
  -1.9842468638337710e-01
  -2.0745510903357006e-01
  -2.1293591725077612e-01
  -2.1477333288683173e-01
  -2.1293591725077615e-01
  -2.0745510903357009e-01
  -1.9842468638337712e-01
  -1.8599916233544808e-01
  -1.7039114105124947e-01
  -1.5186768010231450e-01
  -1.3074572104115340e-01
  -1.0738666644341596e-01
  -8.2190196209622729e-02
  -5.5587428931255782e-02
  -2.8033545332127745e-02
   0.0000000000000000e+00
   4.3447571522534340e-02
   8.6151743050375554e-02
   1.2738183436884912e-01
   1.6643238718435499e-01
   2.0263523571136130e-01
   2.3537093917424495e-01
   2.6407938061070441e-01
   2.8826935062827813e-01
   3.0752695213323877e-01
   3.2152268222462055e-01
   3.3001707008021042e-01
   3.3286477436871004e-01
   3.3001707008021042e-01
   3.2152268222462055e-01
   3.0752695213323883e-01
   2.8826935062827819e-01
   2.6407938061070441e-01
   2.3537093917424498e-01
   2.0263523571136136e-01
   1.6643238718435499e-01
   1.2738183436884915e-01
   8.6151743050375651e-02
   4.3447571522534478e-02
   4.0764178047954669e-17
  -4.3447571522534409e-02
  -8.6151743050375568e-02
  -1.2738183436884909e-01
  -1.6643238718435494e-01
  -2.0263523571136130e-01
  -2.3537093917424484e-01
  -2.6407938061070435e-01
  -2.8826935062827813e-01
  -3.0752695213323883e-01
  -3.2152268222462055e-01
  -3.3001707008021042e-01
  -3.3286477436871004e-01
  -3.3001707008021042e-01
  -3.2152268222462055e-01
  -3.0752695213323883e-01
  -2.8826935062827813e-01
  -2.6407938061070463e-01
  -2.3537093917424501e-01
  -2.0263523571136136e-01
  -1.6643238718435516e-01
  -1.2738183436884903e-01
  -8.6151743050375831e-02
  -4.3447571522534381e-02
   0.0000000000000000e+00
   5.8225410189745044e-02
   1.1545456746801006e-01
   1.7070826508684392e-01
   2.2304109696076918e-01
   2.7155763382702097e-01
   3.1542774428849230e-01
   3.5390079859209500e-01
   3.8631851211194856e-01
   4.1212620878184009e-01
   4.3088231175650238e-01
   4.4226589891386486e-01
   4.4608219392153842e-01
   4.4226589891386486e-01
   4.3088231175650238e-01
   4.1212620878184014e-01
   3.8631851211194862e-01
   3.5390079859209500e-01
   3.1542774428849235e-01
   2.7155763382702108e-01
   2.2304109696076918e-01
   1.7070826508684395e-01
   1.1545456746801018e-01
   5.8225410189745232e-02
   5.4629313094264093e-17
  -5.8225410189745135e-02
  -1.1545456746801008e-01
  -1.7070826508684386e-01
  -2.2304109696076910e-01
  -2.7155763382702097e-01
  -3.1542774428849213e-01
  -3.5390079859209495e-01
  -3.8631851211194851e-01
  -4.1212620878184014e-01
  -4.3088231175650238e-01
  -4.4226589891386486e-01
  -4.4608219392153842e-01
  -4.4226589891386492e-01
  -4.3088231175650243e-01
  -4.1212620878184014e-01
  -3.8631851211194856e-01
  -3.5390079859209528e-01
  -3.1542774428849241e-01
  -2.7155763382702108e-01
  -2.2304109696076940e-01
  -1.7070826508684381e-01
  -1.1545456746801043e-01
  -5.8225410189745093e-02
   0.0000000000000000e+00
   7.2129556190013988e-02
   1.4302495567552578e-01
   2.1147315851542012e-01
   2.7630299698167921e-01
   3.3640521456391859e-01
   3.9075144565582315e-01
   4.3841181117578865e-01
   4.7857082905581860e-01
   5.1054136736580258e-01
   5.3377640133134896e-01
   5.4787837307933873e-01
   5.5260599396335852e-01
   5.4787837307933873e-01
   5.3377640133134896e-01
   5.1054136736580269e-01
   4.7857082905581866e-01
   4.3841181117578865e-01
   3.9075144565582320e-01
   3.3640521456391870e-01
   2.7630299698167921e-01
   2.1147315851542017e-01
   1.4302495567552595e-01
   7.2129556190014224e-02
   6.7674716169686860e-17
  -7.2129556190014099e-02
  -1.4302495567552581e-01
  -2.1147315851542006e-01
  -2.7630299698167909e-01
  -3.3640521456391859e-01
  -3.9075144565582293e-01
  -4.3841181117578848e-01
  -4.7857082905581855e-01
  -5.1054136736580269e-01
  -5.3377640133134896e-01
  -5.4787837307933873e-01
  -5.5260599396335852e-01
  -5.4787837307933873e-01
  -5.3377640133134907e-01
  -5.1054136736580269e-01
  -4.7857082905581860e-01
  -4.3841181117578892e-01
  -3.9075144565582326e-01
  -3.3640521456391870e-01
  -2.7630299698167948e-01
  -2.1147315851542001e-01
  -1.4302495567552626e-01
  -7.2129556190014057e-02
   0.0000000000000000e+00
   8.4944914736563890e-02
   1.6843639843080549e-01
   2.4904588864850380e-01
   3.2539413466286099e-01
   3.9617479681683876e-01
   4.6017679835687531e-01
   5.1630504729191362e-01
   5.6359917372098445e-01
   6.0124996202847747e-01
   6.2861319678768079e-01
   6.4522068546534250e-01
   6.5078826932572209e-01
   6.4522068546534250e-01
   6.2861319678768079e-01
   6.0124996202847758e-01
   5.6359917372098456e-01
   5.1630504729191362e-01
   4.6017679835687536e-01
   3.9617479681683887e-01
   3.2539413466286099e-01
   2.4904588864850388e-01
   1.6843639843080566e-01
   8.4944914736564167e-02
   7.9698577095239121e-17
  -8.4944914736564014e-02
  -1.6843639843080552e-01
  -2.4904588864850374e-01
  -3.2539413466286088e-01
  -3.9617479681683876e-01
  -4.6017679835687508e-01
  -5.1630504729191340e-01
  -5.6359917372098434e-01
  -6.0124996202847758e-01
  -6.2861319678768079e-01
  -6.4522068546534250e-01
  -6.5078826932572209e-01
  -6.4522068546534261e-01
  -6.2861319678768091e-01
  -6.0124996202847769e-01
  -5.6359917372098445e-01
  -5.1630504729191395e-01
  -4.6017679835687542e-01
  -3.9617479681683887e-01
  -3.2539413466286132e-01
  -2.4904588864850366e-01
  -1.6843639843080602e-01
  -8.4944914736563973e-02
   0.0000000000000000e+00
   9.6475399777142951e-02
   1.9130007871606486e-01
   2.8285156026975300e-01
   3.6956337320595750e-01
   4.4995185436428375e-01
   5.2264153454421480e-01
   5.8638867316448562e-01
   6.4010253900925718e-01
   6.8286407294162854e-01
   7.1394161326027972e-01
   7.3280341463403664e-01
   7.3912674641191511e-01
   7.3280341463403664e-01
   7.1394161326027972e-01
   6.8286407294162865e-01
   6.4010253900925718e-01
   5.8638867316448562e-01
   5.2264153454421491e-01
   4.4995185436428392e-01
   3.6956337320595750e-01
   2.8285156026975306e-01
   1.9130007871606508e-01
   9.6475399777143256e-02
   9.0516920415754930e-17
  -9.6475399777143089e-02
  -1.9130007871606491e-01
  -2.8285156026975289e-01
  -3.6956337320595734e-01
  -4.4995185436428375e-01
  -5.2264153454421458e-01
  -5.8638867316448540e-01
  -6.4010253900925707e-01
  -6.8286407294162865e-01
  -7.1394161326027972e-01
  -7.3280341463403664e-01
  -7.3912674641191511e-01
  -7.3280341463403675e-01
  -7.1394161326027983e-01
  -6.8286407294162865e-01
  -6.4010253900925718e-01
  -5.8638867316448595e-01
  -5.2264153454421503e-01
  -4.4995185436428392e-01
  -3.6956337320595789e-01
  -2.8285156026975283e-01
  -1.9130007871606547e-01
  -9.6475399777143034e-02
   0.0000000000000000e+00
   1.0654532059480151e-01
   2.1126762121428236e-01
   3.1237507426033623e-01
   4.0813770317906312e-01
   4.9691698283924712e-01
   5.7719387515163578e-01
   6.4759482023180492e-01
   7.0691523839060311e-01
   7.5414014082660641e-01
   7.8846149636591822e-01
   8.0929205709958330e-01
   8.1627540635812634e-01
   8.0929205709958330e-01
   7.8846149636591822e-01
   7.5414014082660652e-01
   7.0691523839060311e-01
   6.4759482023180492e-01
   5.7719387515163589e-01
   4.9691698283924729e-01
   4.0813770317906312e-01
   3.1237507426033634e-01
   2.1126762121428258e-01
   1.0654532059480185e-01
   9.9964906361918451e-17
  -1.0654532059480167e-01
  -2.1126762121428239e-01
  -3.1237507426033612e-01
  -4.0813770317906295e-01
  -4.9691698283924712e-01
  -5.7719387515163545e-01
  -6.4759482023180470e-01
  -7.0691523839060300e-01
  -7.5414014082660652e-01
  -7.8846149636591822e-01
  -8.0929205709958330e-01
  -8.1627540635812634e-01
  -8.0929205709958341e-01
  -7.8846149636591834e-01
  -7.5414014082660652e-01
  -7.0691523839060311e-01
  -6.4759482023180537e-01
  -5.7719387515163589e-01
  -4.9691698283924729e-01
  -4.0813770317906356e-01
  -3.1237507426033606e-01
  -2.1126762121428302e-01
  -1.0654532059480160e-01
   0.0000000000000000e+00
   1.1500153228245152e-01
   2.2803535646310188e-01
   3.3716743247132347e-01
   4.4053048022948782e-01
   5.3635592933280196e-01
   6.2300417977927436e-01
   6.9899265598033233e-01
   7.6302117404018976e-01
   8.1399418826278380e-01
   8.5103953624237627e-01
   8.7352336180412549e-01
   8.8106096045897575e-01
   8.7352336180412549e-01
   8.5103953624237627e-01
   8.1399418826278391e-01
   7.6302117404018988e-01
   6.9899265598033233e-01
   6.2300417977927436e-01
   5.3635592933280218e-01
   4.4053048022948782e-01
   3.3716743247132358e-01
   2.2803535646310213e-01
   1.1500153228245190e-01
   1.0789884850797774e-16
  -1.1500153228245170e-01
  -2.2803535646310194e-01
  -3.3716743247132341e-01
  -4.4053048022948765e-01
  -5.3635592933280196e-01
  -6.2300417977927403e-01
  -6.9899265598033211e-01
  -7.6302117404018965e-01
  -8.1399418826278391e-01
  -8.5103953624237627e-01
  -8.7352336180412549e-01
  -8.8106096045897575e-01
  -8.7352336180412549e-01
  -8.5103953624237638e-01
  -8.1399418826278402e-01
  -7.6302117404018976e-01
  -6.9899265598033278e-01
  -6.2300417977927447e-01
  -5.3635592933280218e-01
  -4.4053048022948826e-01
  -3.3716743247132330e-01
  -2.2803535646310261e-01
  -1.1500153228245162e-01
   0.0000000000000000e+00
   1.2171555635278750e-01
   2.4134852579045121e-01
   3.5685195503738737e-01
   4.6624954839558019e-01
   5.6766948271192819e-01
   6.5937643479136032e-01
   7.3980127325782696e-01
   8.0756790682718904e-01
   8.6151682961061449e-01
   9.0072496058181162e-01
   9.2452143774931550e-01
   9.3249909679116050e-01
   9.2452143774931550e-01
   9.0072496058181162e-01
   8.6151682961061460e-01
   8.0756790682718915e-01
   7.3980127325782696e-01
   6.5937643479136032e-01
   5.6766948271192841e-01
   4.6624954839558019e-01
   3.5685195503738748e-01
   2.4134852579045149e-01
   1.2171555635278788e-01
   1.1419820340930926e-16
  -1.2171555635278768e-01
  -2.4134852579045127e-01
  -3.5685195503738726e-01
  -4.6624954839557997e-01
  -5.6766948271192819e-01
  -6.5937643479135999e-01
  -7.3980127325782674e-01
  -8.0756790682718893e-01
  -8.6151682961061460e-01
  -9.0072496058181162e-01
  -9.2452143774931550e-01
  -9.3249909679116050e-01
  -9.2452143774931561e-01
  -9.0072496058181173e-01
  -8.6151682961061471e-01
  -8.0756790682718904e-01
  -7.3980127325782752e-01
  -6.5937643479136043e-01
  -5.6766948271192841e-01
  -4.6624954839558064e-01
  -3.5685195503738715e-01
  -2.4134852579045199e-01
  -1.2171555635278759e-01
   0.0000000000000000e+00
   1.2658543870597053e-01
   2.5100496545956785e-01
   3.7112972766242819e-01
   4.8490435732838427e-01
   5.9038213899956515e-01
   6.8575831858761060e-01
   7.6940098321649675e-01
   8.3987898370429548e-01
   8.9598642192246725e-01
   9.3676328404717857e-01
   9.6151186666199318e-01
   9.6980871465676866e-01
   9.6151186666199318e-01
   9.3676328404717857e-01
   8.9598642192246736e-01
   8.3987898370429559e-01
   7.6940098321649675e-01
   6.8575831858761072e-01
   5.9038213899956526e-01
   4.8490435732838427e-01
   3.7112972766242830e-01
   2.5100496545956813e-01
   1.2658543870597094e-01
   1.1876731381896204e-16
  -1.2658543870597072e-01
  -2.5100496545956791e-01
  -3.7112972766242808e-01
  -4.8490435732838405e-01
  -5.9038213899956515e-01
  -6.8575831858761027e-01
  -7.6940098321649653e-01
  -8.3987898370429537e-01
  -8.9598642192246736e-01
  -9.3676328404717857e-01
  -9.6151186666199318e-01
  -9.6980871465676866e-01
  -9.6151186666199329e-01
  -9.3676328404717868e-01
  -8.9598642192246747e-01
  -8.3987898370429548e-01
  -7.6940098321649730e-01
  -6.8575831858761083e-01
  -5.9038213899956526e-01
  -4.8490435732838477e-01
  -3.7112972766242797e-01
  -2.5100496545956869e-01
  -1.2658543870597064e-01
   0.0000000000000000e+00
   1.2953725157835447e-01
   2.5685808486769213e-01
   3.7978400511042848e-01
   4.9621171572970629e-01
   6.0414910631697016e-01
   7.0174933819337348e-01
   7.8734244433161471e-01
   8.5946390295477604e-01
   9.1687969590996921e-01
   9.5860742306106572e-01
   9.8393311142739859e-01
   9.9242343145941270e-01
   9.8393311142739859e-01
   9.5860742306106572e-01
   9.1687969590996932e-01
   8.5946390295477615e-01
   7.8734244433161471e-01
   7.0174933819337360e-01
   6.0414910631697039e-01
   4.9621171572970629e-01
   3.7978400511042859e-01
   2.5685808486769240e-01
   1.2953725157835488e-01
   1.2153681787356025e-16
  -1.2953725157835466e-01
  -2.5685808486769218e-01
  -3.7978400511042837e-01
  -4.9621171572970607e-01
  -6.0414910631697016e-01
  -7.0174933819337315e-01
  -7.8734244433161449e-01
  -8.5946390295477593e-01
  -9.1687969590996932e-01
  -9.5860742306106572e-01
  -9.8393311142739859e-01
  -9.9242343145941270e-01
  -9.8393311142739870e-01
  -9.5860742306106583e-01
  -9.1687969590996943e-01
  -8.5946390295477604e-01
  -7.8734244433161527e-01
  -7.0174933819337371e-01
  -6.0414910631697039e-01
  -4.9621171572970679e-01
  -3.7978400511042826e-01
  -2.5685808486769296e-01
  -1.2953725157835458e-01
   0.0000000000000000e+00
   1.3052619222005157e-01
   2.5881904510252074e-01
   3.8268343236508978e-01
   4.9999999999999994e-01
   6.0876142900872066e-01
   7.0710678118654746e-01
   7.9335334029123517e-01
   8.6602540378443860e-01
   9.2387953251128674e-01
   9.6592582628906831e-01
   9.9144486137381038e-01
   1.0000000000000000e+00
   9.9144486137381038e-01
   9.6592582628906831e-01
   9.2387953251128685e-01
   8.6602540378443871e-01
   7.9335334029123517e-01
   7.0710678118654757e-01
   6.0876142900872088e-01
   4.9999999999999994e-01
   3.8268343236508989e-01
   2.5881904510252102e-01
   1.3052619222005199e-01
   1.2246467991473532e-16
  -1.3052619222005177e-01
  -2.5881904510252079e-01
  -3.8268343236508967e-01
  -4.9999999999999972e-01
  -6.0876142900872066e-01
  -7.0710678118654713e-01
  -7.9335334029123494e-01
  -8.6602540378443849e-01
  -9.2387953251128685e-01
  -9.6592582628906831e-01
  -9.9144486137381038e-01
  -1.0000000000000000e+00
  -9.9144486137381049e-01
  -9.6592582628906842e-01
  -9.2387953251128696e-01
  -8.6602540378443860e-01
  -7.9335334029123572e-01
  -7.0710678118654768e-01
  -6.0876142900872088e-01
  -5.0000000000000044e-01
  -3.8268343236508956e-01
  -2.5881904510252157e-01
  -1.3052619222005168e-01
   0.0000000000000000e+00
   1.2953725157835450e-01
   2.5685808486769218e-01
   3.7978400511042854e-01
   4.9621171572970635e-01
   6.0414910631697027e-01
   7.0174933819337360e-01
   7.8734244433161482e-01
   8.5946390295477615e-01
   9.1687969590996932e-01
   9.5860742306106583e-01
   9.8393311142739870e-01
   9.9242343145941281e-01
   9.8393311142739870e-01
   9.5860742306106583e-01
   9.1687969590996943e-01
   8.5946390295477626e-01
   7.8734244433161482e-01
   7.0174933819337371e-01
   6.0414910631697050e-01
   4.9621171572970635e-01
   3.7978400511042865e-01
   2.5685808486769246e-01
   1.2953725157835491e-01
   1.2153681787356025e-16
  -1.2953725157835469e-01
  -2.5685808486769224e-01
  -3.7978400511042842e-01
  -4.9621171572970613e-01
  -6.0414910631697027e-01
  -7.0174933819337326e-01
  -7.8734244433161460e-01
  -8.5946390295477604e-01
  -9.1687969590996943e-01
  -9.5860742306106583e-01
  -9.8393311142739870e-01
  -9.9242343145941281e-01
  -9.8393311142739881e-01
  -9.5860742306106594e-01
  -9.1687969590996954e-01
  -8.5946390295477615e-01
  -7.8734244433161538e-01
  -7.0174933819337382e-01
  -6.0414910631697050e-01
  -4.9621171572970685e-01
  -3.7978400511042831e-01
  -2.5685808486769302e-01
  -1.2953725157835461e-01
   0.0000000000000000e+00
   1.2658543870597055e-01
   2.5100496545956791e-01
   3.7112972766242824e-01
   4.8490435732838433e-01
   5.9038213899956515e-01
   6.8575831858761060e-01
   7.6940098321649686e-01
   8.3987898370429559e-01
   8.9598642192246736e-01
   9.3676328404717868e-01
   9.6151186666199329e-01
   9.6980871465676877e-01
   9.6151186666199329e-01
   9.3676328404717868e-01
   8.9598642192246747e-01
   8.3987898370429570e-01
   7.6940098321649686e-01
   6.8575831858761072e-01
   5.9038213899956538e-01
   4.8490435732838433e-01
   3.7112972766242835e-01
   2.5100496545956819e-01
   1.2658543870597094e-01
   1.1876731381896207e-16
  -1.2658543870597075e-01
  -2.5100496545956796e-01
  -3.7112972766242813e-01
  -4.8490435732838411e-01
  -5.9038213899956515e-01
  -6.8575831858761027e-01
  -7.6940098321649664e-01
  -8.3987898370429548e-01
  -8.9598642192246747e-01
  -9.3676328404717868e-01
  -9.6151186666199329e-01
  -9.6980871465676877e-01
  -9.6151186666199340e-01
  -9.3676328404717879e-01
  -8.9598642192246758e-01
  -8.3987898370429559e-01
  -7.6940098321649741e-01
  -6.8575831858761083e-01
  -5.9038213899956538e-01
  -4.8490435732838483e-01
  -3.7112972766242802e-01
  -2.5100496545956869e-01
  -1.2658543870597067e-01
   0.0000000000000000e+00
   1.2171555635278748e-01
   2.4134852579045118e-01
   3.5685195503738731e-01
   4.6624954839558014e-01
   5.6766948271192808e-01
   6.5937643479136021e-01
   7.3980127325782685e-01
   8.0756790682718893e-01
   8.6151682961061438e-01
   9.0072496058181151e-01
   9.2452143774931539e-01
   9.3249909679116039e-01
   9.2452143774931539e-01
   9.0072496058181151e-01
   8.6151682961061449e-01
   8.0756790682718904e-01
   7.3980127325782685e-01
   6.5937643479136032e-01
   5.6766948271192830e-01
   4.6624954839558014e-01
   3.5685195503738742e-01
   2.4134852579045146e-01
   1.2171555635278787e-01
   1.1419820340930926e-16
  -1.2171555635278766e-01
  -2.4134852579045124e-01
  -3.5685195503738726e-01
  -4.6624954839557992e-01
  -5.6766948271192808e-01
  -6.5937643479135988e-01
  -7.3980127325782674e-01
  -8.0756790682718882e-01
  -8.6151682961061449e-01
  -9.0072496058181151e-01
  -9.2452143774931539e-01
  -9.3249909679116039e-01
  -9.2452143774931550e-01
  -9.0072496058181162e-01
  -8.6151682961061460e-01
  -8.0756790682718893e-01
  -7.3980127325782741e-01
  -6.5937643479136043e-01
  -5.6766948271192830e-01
  -4.6624954839558058e-01
  -3.5685195503738715e-01
  -2.4134852579045196e-01
  -1.2171555635278758e-01
   0.0000000000000000e+00
   1.1500153228245155e-01
   2.2803535646310194e-01
   3.3716743247132358e-01
   4.4053048022948793e-01
   5.3635592933280218e-01
   6.2300417977927447e-01
   6.9899265598033244e-01
   7.6302117404018999e-01
   8.1399418826278402e-01
   8.5103953624237649e-01
   8.7352336180412571e-01
   8.8106096045897597e-01
   8.7352336180412571e-01
   8.5103953624237649e-01
   8.1399418826278414e-01
   7.6302117404019010e-01
   6.9899265598033244e-01
   6.2300417977927458e-01
   5.3635592933280229e-01
   4.4053048022948793e-01
   3.3716743247132369e-01
   2.2803535646310219e-01
   1.1500153228245193e-01
   1.0789884850797777e-16
  -1.1500153228245173e-01
  -2.2803535646310200e-01
  -3.3716743247132347e-01
  -4.4053048022948776e-01
  -5.3635592933280218e-01
  -6.2300417977927414e-01
  -6.9899265598033222e-01
  -7.6302117404018988e-01
  -8.1399418826278414e-01
  -8.5103953624237649e-01
  -8.7352336180412571e-01
  -8.8106096045897597e-01
  -8.7352336180412571e-01
  -8.5103953624237660e-01
  -8.1399418826278425e-01
  -7.6302117404018999e-01
  -6.9899265598033289e-01
  -6.2300417977927469e-01
  -5.3635592933280229e-01
  -4.4053048022948837e-01
  -3.3716743247132336e-01
  -2.2803535646310269e-01
  -1.1500153228245165e-01
   0.0000000000000000e+00
   1.0654532059480150e-01
   2.1126762121428233e-01
   3.1237507426033617e-01
   4.0813770317906306e-01
   4.9691698283924707e-01
   5.7719387515163567e-01
   6.4759482023180481e-01
   7.0691523839060300e-01
   7.5414014082660630e-01
   7.8846149636591811e-01
   8.0929205709958318e-01
   8.1627540635812623e-01
   8.0929205709958318e-01
   7.8846149636591811e-01
   7.5414014082660641e-01
   7.0691523839060311e-01
   6.4759482023180481e-01
   5.7719387515163578e-01
   4.9691698283924723e-01
   4.0813770317906306e-01
   3.1237507426033628e-01
   2.1126762121428255e-01
   1.0654532059480183e-01
   9.9964906361918438e-17
  -1.0654532059480165e-01
  -2.1126762121428236e-01
  -3.1237507426033606e-01
  -4.0813770317906289e-01
  -4.9691698283924707e-01
  -5.7719387515163545e-01
  -6.4759482023180459e-01
  -7.0691523839060288e-01
  -7.5414014082660641e-01
  -7.8846149636591811e-01
  -8.0929205709958318e-01
  -8.1627540635812623e-01
  -8.0929205709958330e-01
  -7.8846149636591822e-01
  -7.5414014082660641e-01
  -7.0691523839060300e-01
  -6.4759482023180526e-01
  -5.7719387515163589e-01
  -4.9691698283924723e-01
  -4.0813770317906350e-01
  -3.1237507426033601e-01
  -2.1126762121428300e-01
  -1.0654532059480158e-01
   0.0000000000000000e+00
   9.6475399777142964e-02
   1.9130007871606489e-01
   2.8285156026975300e-01
   3.6956337320595756e-01
   4.4995185436428381e-01
   5.2264153454421491e-01
   5.8638867316448562e-01
   6.4010253900925729e-01
   6.8286407294162865e-01
   7.1394161326027983e-01
   7.3280341463403675e-01
   7.3912674641191523e-01
   7.3280341463403675e-01
   7.1394161326027983e-01
   6.8286407294162865e-01
   6.4010253900925729e-01
   5.8638867316448562e-01
   5.2264153454421503e-01
   4.4995185436428398e-01
   3.6956337320595756e-01
   2.8285156026975311e-01
   1.9130007871606511e-01
   9.6475399777143270e-02
   9.0516920415754943e-17
  -9.6475399777143103e-02
  -1.9130007871606494e-01
  -2.8285156026975294e-01
  -3.6956337320595739e-01
  -4.4995185436428381e-01
  -5.2264153454421469e-01
  -5.8638867316448551e-01
  -6.4010253900925718e-01
  -6.8286407294162865e-01
  -7.1394161326027983e-01
  -7.3280341463403675e-01
  -7.3912674641191523e-01
  -7.3280341463403686e-01
  -7.1394161326027994e-01
  -6.8286407294162876e-01
  -6.4010253900925729e-01
  -5.8638867316448606e-01
  -5.2264153454421503e-01
  -4.4995185436428398e-01
  -3.6956337320595795e-01
  -2.8285156026975289e-01
  -1.9130007871606552e-01
  -9.6475399777143048e-02
   0.0000000000000000e+00
   8.4944914736563890e-02
   1.6843639843080549e-01
   2.4904588864850380e-01
   3.2539413466286099e-01
   3.9617479681683876e-01
   4.6017679835687531e-01
   5.1630504729191362e-01
   5.6359917372098445e-01
   6.0124996202847747e-01
   6.2861319678768079e-01
   6.4522068546534250e-01
   6.5078826932572209e-01
   6.4522068546534250e-01
   6.2861319678768079e-01
   6.0124996202847758e-01
   5.6359917372098456e-01
   5.1630504729191362e-01
   4.6017679835687536e-01
   3.9617479681683887e-01
   3.2539413466286099e-01
   2.4904588864850388e-01
   1.6843639843080566e-01
   8.4944914736564167e-02
   7.9698577095239121e-17
  -8.4944914736564014e-02
  -1.6843639843080552e-01
  -2.4904588864850374e-01
  -3.2539413466286088e-01
  -3.9617479681683876e-01
  -4.6017679835687508e-01
  -5.1630504729191340e-01
  -5.6359917372098434e-01
  -6.0124996202847758e-01
  -6.2861319678768079e-01
  -6.4522068546534250e-01
  -6.5078826932572209e-01
  -6.4522068546534261e-01
  -6.2861319678768091e-01
  -6.0124996202847769e-01
  -5.6359917372098445e-01
  -5.1630504729191395e-01
  -4.6017679835687542e-01
  -3.9617479681683887e-01
  -3.2539413466286132e-01
  -2.4904588864850366e-01
  -1.6843639843080602e-01
  -8.4944914736563973e-02
   0.0000000000000000e+00
   7.2129556190013835e-02
   1.4302495567552548e-01
   2.1147315851541965e-01
   2.7630299698167859e-01
   3.3640521456391786e-01
   3.9075144565582226e-01
   4.3841181117578765e-01
   4.7857082905581755e-01
   5.1054136736580147e-01
   5.3377640133134785e-01
   5.4787837307933751e-01
   5.5260599396335730e-01
   5.4787837307933751e-01
   5.3377640133134785e-01
   5.1054136736580158e-01
   4.7857082905581760e-01
   4.3841181117578765e-01
   3.9075144565582232e-01
   3.3640521456391798e-01
   2.7630299698167859e-01
   2.1147315851541973e-01
   1.4302495567552562e-01
   7.2129556190014071e-02
   6.7674716169686712e-17
  -7.2129556190013946e-02
  -1.4302495567552551e-01
  -2.1147315851541959e-01
  -2.7630299698167848e-01
  -3.3640521456391786e-01
  -3.9075144565582209e-01
  -4.3841181117578754e-01
  -4.7857082905581749e-01
  -5.1054136736580158e-01
  -5.3377640133134785e-01
  -5.4787837307933751e-01
  -5.5260599396335730e-01
  -5.4787837307933751e-01
  -5.3377640133134785e-01
  -5.1054136736580158e-01
  -4.7857082905581755e-01
  -4.3841181117578798e-01
  -3.9075144565582237e-01
  -3.3640521456391798e-01
  -2.7630299698167887e-01
  -2.1147315851541953e-01
  -1.4302495567552595e-01
  -7.2129556190013891e-02
   0.0000000000000000e+00
   5.8225410189745044e-02
   1.1545456746801006e-01
   1.7070826508684392e-01
   2.2304109696076918e-01
   2.7155763382702097e-01
   3.1542774428849230e-01
   3.5390079859209500e-01
   3.8631851211194856e-01
   4.1212620878184009e-01
   4.3088231175650238e-01
   4.4226589891386486e-01
   4.4608219392153842e-01
   4.4226589891386486e-01
   4.3088231175650238e-01
   4.1212620878184014e-01
   3.8631851211194862e-01
   3.5390079859209500e-01
   3.1542774428849235e-01
   2.7155763382702108e-01
   2.2304109696076918e-01
   1.7070826508684395e-01
   1.1545456746801018e-01
   5.8225410189745232e-02
   5.4629313094264093e-17
  -5.8225410189745135e-02
  -1.1545456746801008e-01
  -1.7070826508684386e-01
  -2.2304109696076910e-01
  -2.7155763382702097e-01
  -3.1542774428849213e-01
  -3.5390079859209495e-01
  -3.8631851211194851e-01
  -4.1212620878184014e-01
  -4.3088231175650238e-01
  -4.4226589891386486e-01
  -4.4608219392153842e-01
  -4.4226589891386492e-01
  -4.3088231175650243e-01
  -4.1212620878184014e-01
  -3.8631851211194856e-01
  -3.5390079859209528e-01
  -3.1542774428849241e-01
  -2.7155763382702108e-01
  -2.2304109696076940e-01
  -1.7070826508684381e-01
  -1.1545456746801043e-01
  -5.8225410189745093e-02
   0.0000000000000000e+00
   4.3447571522534381e-02
   8.6151743050375623e-02
   1.2738183436884923e-01
   1.6643238718435513e-01
   2.0263523571136147e-01
   2.3537093917424515e-01
   2.6407938061070463e-01
   2.8826935062827841e-01
   3.0752695213323905e-01
   3.2152268222462077e-01
   3.3001707008021069e-01
   3.3286477436871031e-01
   3.3001707008021069e-01
   3.2152268222462077e-01
   3.0752695213323905e-01
   2.8826935062827841e-01
   2.6407938061070463e-01
   2.3537093917424518e-01
   2.0263523571136155e-01
   1.6643238718435513e-01
   1.2738183436884926e-01
   8.6151743050375720e-02
   4.3447571522534520e-02
   4.0764178047954699e-17
  -4.3447571522534444e-02
  -8.6151743050375637e-02
  -1.2738183436884920e-01
  -1.6643238718435507e-01
  -2.0263523571136147e-01
  -2.3537093917424504e-01
  -2.6407938061070457e-01
  -2.8826935062827835e-01
  -3.0752695213323905e-01
  -3.2152268222462077e-01
  -3.3001707008021069e-01
  -3.3286477436871031e-01
  -3.3001707008021069e-01
  -3.2152268222462083e-01
  -3.0752695213323911e-01
  -2.8826935062827841e-01
  -2.6407938061070485e-01
  -2.3537093917424520e-01
  -2.0263523571136155e-01
  -1.6643238718435530e-01
  -1.2738183436884915e-01
  -8.6151743050375901e-02
  -4.3447571522534416e-02
   0.0000000000000000e+00
   2.8033545332127714e-02
   5.5587428931255588e-02
   8.2190196209622757e-02
   1.0738666644341582e-01
   1.3074572104115331e-01
   1.5186768010231441e-01
   1.7039114105124931e-01
   1.8599916233544805e-01
   1.9842468638337701e-01
   2.0745510903357001e-01
   2.1293591725077607e-01
   2.1477333288683167e-01
   2.1293591725077607e-01
   2.0745510903357001e-01
   1.9842468638337704e-01
   1.8599916233544808e-01
   1.7039114105124931e-01
   1.5186768010231444e-01
   1.3074572104115337e-01
   1.0738666644341582e-01
   8.2190196209622784e-02
   5.5587428931255650e-02
   2.8033545332127804e-02
   2.6302147466206738e-17
  -2.8033545332127756e-02
  -5.5587428931255602e-02
  -8.2190196209622743e-02
  -1.0738666644341578e-01
  -1.3074572104115331e-01
  -1.5186768010231433e-01
  -1.7039114105124925e-01
  -1.8599916233544803e-01
  -1.9842468638337704e-01
  -2.0745510903357001e-01
  -2.1293591725077607e-01
  -2.1477333288683167e-01
  -2.1293591725077610e-01
  -2.0745510903357003e-01
  -1.9842468638337707e-01
  -1.8599916233544805e-01
  -1.7039114105124942e-01
  -1.5186768010231444e-01
  -1.3074572104115337e-01
  -1.0738666644341593e-01
  -8.2190196209622715e-02
  -5.5587428931255768e-02
  -2.8033545332127738e-02
   0.0000000000000000e+00
   1.2290494792775426e-02
   2.4370695812077545e-02
   3.6033907469201626e-02
   4.7080568979041074e-02
   5.7321668900449388e-02
   6.6581979174401909e-02
   7.4703053324668298e-02
   8.1545937520950337e-02
   8.6993548117443725e-02
   9.0952674986479465e-02
   9.3355576369651000e-02
   9.4161137958082161e-02
   9.3355576369651000e-02
   9.0952674986479465e-02
   8.6993548117443739e-02
   8.1545937520950337e-02
   7.4703053324668298e-02
   6.6581979174401923e-02
   5.7321668900449409e-02
   4.7080568979041074e-02
   3.6033907469201633e-02
   2.4370695812077570e-02
   1.2290494792775466e-02
   1.1531413620443766e-17
  -1.2290494792775445e-02
  -2.4370695812077549e-02
  -3.6033907469201612e-02
  -4.7080568979041053e-02
  -5.7321668900449388e-02
  -6.6581979174401881e-02
  -7.4703053324668270e-02
  -8.1545937520950323e-02
  -8.6993548117443739e-02
  -9.0952674986479465e-02
  -9.3355576369651000e-02
  -9.4161137958082161e-02
  -9.3355576369651014e-02
  -9.0952674986479479e-02
  -8.6993548117443739e-02
  -8.1545937520950337e-02
  -7.4703053324668353e-02
  -6.6581979174401937e-02
  -5.7321668900449409e-02
  -4.7080568979041122e-02
  -3.6033907469201605e-02
  -2.4370695812077622e-02
  -1.2290494792775436e-02
  -9.9555696979049757e-01
  -9.9555696979049757e-01
  -9.9555696979049757e-01
  -9.9555696979049757e-01
  -9.9555696979049757e-01
  -9.9555696979049757e-01
  -9.9555696979049757e-01
  -9.9555696979049757e-01
  -9.9555696979049757e-01
  -9.9555696979049757e-01
  -9.9555696979049757e-01
  -9.9555696979049757e-01
  -9.9555696979049757e-01
  -9.9555696979049757e-01
  -9.9555696979049757e-01
  -9.9555696979049757e-01
  -9.9555696979049757e-01
  -9.9555696979049757e-01
  -9.9555696979049757e-01
  -9.9555696979049757e-01
  -9.9555696979049757e-01
  -9.9555696979049757e-01
  -9.9555696979049757e-01
  -9.9555696979049757e-01
  -9.9555696979049757e-01
  -9.9555696979049757e-01
  -9.9555696979049757e-01
  -9.9555696979049757e-01
  -9.9555696979049757e-01
  -9.9555696979049757e-01
  -9.9555696979049757e-01
  -9.9555696979049757e-01
  -9.9555696979049757e-01
  -9.9555696979049757e-01
  -9.9555696979049757e-01
  -9.9555696979049757e-01
  -9.9555696979049757e-01
  -9.9555696979049757e-01
  -9.9555696979049757e-01
  -9.9555696979049757e-01
  -9.9555696979049757e-01
  -9.9555696979049757e-01
  -9.9555696979049757e-01
  -9.9555696979049757e-01
  -9.9555696979049757e-01
  -9.9555696979049757e-01
  -9.9555696979049757e-01
  -9.9555696979049757e-01
  -9.7666392145951730e-01
  -9.7666392145951730e-01
  -9.7666392145951730e-01
  -9.7666392145951730e-01
  -9.7666392145951730e-01
  -9.7666392145951730e-01
  -9.7666392145951730e-01
  -9.7666392145951730e-01
  -9.7666392145951730e-01
  -9.7666392145951730e-01
  -9.7666392145951730e-01
  -9.7666392145951730e-01
  -9.7666392145951730e-01
  -9.7666392145951730e-01
  -9.7666392145951730e-01
  -9.7666392145951730e-01
  -9.7666392145951730e-01
  -9.7666392145951730e-01
  -9.7666392145951730e-01
  -9.7666392145951730e-01
  -9.7666392145951730e-01
  -9.7666392145951730e-01
  -9.7666392145951730e-01
  -9.7666392145951730e-01
  -9.7666392145951730e-01
  -9.7666392145951730e-01
  -9.7666392145951730e-01
  -9.7666392145951730e-01
  -9.7666392145951730e-01
  -9.7666392145951730e-01
  -9.7666392145951730e-01
  -9.7666392145951730e-01
  -9.7666392145951730e-01
  -9.7666392145951730e-01
  -9.7666392145951730e-01
  -9.7666392145951730e-01
  -9.7666392145951730e-01
  -9.7666392145951730e-01
  -9.7666392145951730e-01
  -9.7666392145951730e-01
  -9.7666392145951730e-01
  -9.7666392145951730e-01
  -9.7666392145951730e-01
  -9.7666392145951730e-01
  -9.7666392145951730e-01
  -9.7666392145951730e-01
  -9.7666392145951730e-01
  -9.7666392145951730e-01
  -9.4297457122897421e-01
  -9.4297457122897421e-01
  -9.4297457122897421e-01
  -9.4297457122897421e-01
  -9.4297457122897421e-01
  -9.4297457122897421e-01
  -9.4297457122897421e-01
  -9.4297457122897421e-01
  -9.4297457122897421e-01
  -9.4297457122897421e-01
  -9.4297457122897421e-01
  -9.4297457122897421e-01
  -9.4297457122897421e-01
  -9.4297457122897421e-01
  -9.4297457122897421e-01
  -9.4297457122897421e-01
  -9.4297457122897421e-01
  -9.4297457122897421e-01
  -9.4297457122897421e-01
  -9.4297457122897421e-01
  -9.4297457122897421e-01
  -9.4297457122897421e-01
  -9.4297457122897421e-01
  -9.4297457122897421e-01
  -9.4297457122897421e-01
  -9.4297457122897421e-01
  -9.4297457122897421e-01
  -9.4297457122897421e-01
  -9.4297457122897421e-01
  -9.4297457122897421e-01
  -9.4297457122897421e-01
  -9.4297457122897421e-01
  -9.4297457122897421e-01
  -9.4297457122897421e-01
  -9.4297457122897421e-01
  -9.4297457122897421e-01
  -9.4297457122897421e-01
  -9.4297457122897421e-01
  -9.4297457122897421e-01
  -9.4297457122897421e-01
  -9.4297457122897421e-01
  -9.4297457122897421e-01
  -9.4297457122897421e-01
  -9.4297457122897421e-01
  -9.4297457122897421e-01
  -9.4297457122897421e-01
  -9.4297457122897421e-01
  -9.4297457122897421e-01
  -8.9499199787827544e-01
  -8.9499199787827544e-01
  -8.9499199787827544e-01
  -8.9499199787827544e-01
  -8.9499199787827544e-01
  -8.9499199787827544e-01
  -8.9499199787827544e-01
  -8.9499199787827544e-01
  -8.9499199787827544e-01
  -8.9499199787827544e-01
  -8.9499199787827544e-01
  -8.9499199787827544e-01
  -8.9499199787827544e-01
  -8.9499199787827544e-01
  -8.9499199787827544e-01
  -8.9499199787827544e-01
  -8.9499199787827544e-01
  -8.9499199787827544e-01
  -8.9499199787827544e-01
  -8.9499199787827544e-01
  -8.9499199787827544e-01
  -8.9499199787827544e-01
  -8.9499199787827544e-01
  -8.9499199787827544e-01
  -8.9499199787827544e-01
  -8.9499199787827544e-01
  -8.9499199787827544e-01
  -8.9499199787827544e-01
  -8.9499199787827544e-01
  -8.9499199787827544e-01
  -8.9499199787827544e-01
  -8.9499199787827544e-01
  -8.9499199787827544e-01
  -8.9499199787827544e-01
  -8.9499199787827544e-01
  -8.9499199787827544e-01
  -8.9499199787827544e-01
  -8.9499199787827544e-01
  -8.9499199787827544e-01
  -8.9499199787827544e-01
  -8.9499199787827544e-01
  -8.9499199787827544e-01
  -8.9499199787827544e-01
  -8.9499199787827544e-01
  -8.9499199787827544e-01
  -8.9499199787827544e-01
  -8.9499199787827544e-01
  -8.9499199787827544e-01
  -8.3344262876083353e-01
  -8.3344262876083353e-01
  -8.3344262876083353e-01
  -8.3344262876083353e-01
  -8.3344262876083353e-01
  -8.3344262876083353e-01
  -8.3344262876083353e-01
  -8.3344262876083353e-01
  -8.3344262876083353e-01
  -8.3344262876083353e-01
  -8.3344262876083353e-01
  -8.3344262876083353e-01
  -8.3344262876083353e-01
  -8.3344262876083353e-01
  -8.3344262876083353e-01
  -8.3344262876083353e-01
  -8.3344262876083353e-01
  -8.3344262876083353e-01
  -8.3344262876083353e-01
  -8.3344262876083353e-01
  -8.3344262876083353e-01
  -8.3344262876083353e-01
  -8.3344262876083353e-01
  -8.3344262876083353e-01
  -8.3344262876083353e-01
  -8.3344262876083353e-01
  -8.3344262876083353e-01
  -8.3344262876083353e-01
  -8.3344262876083353e-01
  -8.3344262876083353e-01
  -8.3344262876083353e-01
  -8.3344262876083353e-01
  -8.3344262876083353e-01
  -8.3344262876083353e-01
  -8.3344262876083353e-01
  -8.3344262876083353e-01
  -8.3344262876083353e-01
  -8.3344262876083353e-01
  -8.3344262876083353e-01
  -8.3344262876083353e-01
  -8.3344262876083353e-01
  -8.3344262876083353e-01
  -8.3344262876083353e-01
  -8.3344262876083353e-01
  -8.3344262876083353e-01
  -8.3344262876083353e-01
  -8.3344262876083353e-01
  -8.3344262876083353e-01
  -7.5925926303735758e-01
  -7.5925926303735758e-01
  -7.5925926303735758e-01
  -7.5925926303735758e-01
  -7.5925926303735758e-01
  -7.5925926303735758e-01
  -7.5925926303735758e-01
  -7.5925926303735758e-01
  -7.5925926303735758e-01
  -7.5925926303735758e-01
  -7.5925926303735758e-01
  -7.5925926303735758e-01
  -7.5925926303735758e-01
  -7.5925926303735758e-01
  -7.5925926303735758e-01
  -7.5925926303735758e-01
  -7.5925926303735758e-01
  -7.5925926303735758e-01
  -7.5925926303735758e-01
  -7.5925926303735758e-01
  -7.5925926303735758e-01
  -7.5925926303735758e-01
  -7.5925926303735758e-01
  -7.5925926303735758e-01
  -7.5925926303735758e-01
  -7.5925926303735758e-01
  -7.5925926303735758e-01
  -7.5925926303735758e-01
  -7.5925926303735758e-01
  -7.5925926303735758e-01
  -7.5925926303735758e-01
  -7.5925926303735758e-01
  -7.5925926303735758e-01
  -7.5925926303735758e-01
  -7.5925926303735758e-01
  -7.5925926303735758e-01
  -7.5925926303735758e-01
  -7.5925926303735758e-01
  -7.5925926303735758e-01
  -7.5925926303735758e-01
  -7.5925926303735758e-01
  -7.5925926303735758e-01
  -7.5925926303735758e-01
  -7.5925926303735758e-01
  -7.5925926303735758e-01
  -7.5925926303735758e-01
  -7.5925926303735758e-01
  -7.5925926303735758e-01
  -6.7356636847346851e-01
  -6.7356636847346851e-01
  -6.7356636847346851e-01
  -6.7356636847346851e-01
  -6.7356636847346851e-01
  -6.7356636847346851e-01
  -6.7356636847346851e-01
  -6.7356636847346851e-01
  -6.7356636847346851e-01
  -6.7356636847346851e-01
  -6.7356636847346851e-01
  -6.7356636847346851e-01
  -6.7356636847346851e-01
  -6.7356636847346851e-01
  -6.7356636847346851e-01
  -6.7356636847346851e-01
  -6.7356636847346851e-01
  -6.7356636847346851e-01
  -6.7356636847346851e-01
  -6.7356636847346851e-01
  -6.7356636847346851e-01
  -6.7356636847346851e-01
  -6.7356636847346851e-01
  -6.7356636847346851e-01
  -6.7356636847346851e-01
  -6.7356636847346851e-01
  -6.7356636847346851e-01
  -6.7356636847346851e-01
  -6.7356636847346851e-01
  -6.7356636847346851e-01
  -6.7356636847346851e-01
  -6.7356636847346851e-01
  -6.7356636847346851e-01
  -6.7356636847346851e-01
  -6.7356636847346851e-01
  -6.7356636847346851e-01
  -6.7356636847346851e-01
  -6.7356636847346851e-01
  -6.7356636847346851e-01
  -6.7356636847346851e-01
  -6.7356636847346851e-01
  -6.7356636847346851e-01
  -6.7356636847346851e-01
  -6.7356636847346851e-01
  -6.7356636847346851e-01
  -6.7356636847346851e-01
  -6.7356636847346851e-01
  -6.7356636847346851e-01
  -5.7766293024122273e-01
  -5.7766293024122273e-01
  -5.7766293024122273e-01
  -5.7766293024122273e-01
  -5.7766293024122273e-01
  -5.7766293024122273e-01
  -5.7766293024122273e-01
  -5.7766293024122273e-01
  -5.7766293024122273e-01
  -5.7766293024122273e-01
  -5.7766293024122273e-01
  -5.7766293024122273e-01
  -5.7766293024122273e-01
  -5.7766293024122273e-01
  -5.7766293024122273e-01
  -5.7766293024122273e-01
  -5.7766293024122273e-01
  -5.7766293024122273e-01
  -5.7766293024122273e-01
  -5.7766293024122273e-01
  -5.7766293024122273e-01
  -5.7766293024122273e-01
  -5.7766293024122273e-01
  -5.7766293024122273e-01
  -5.7766293024122273e-01
  -5.7766293024122273e-01
  -5.7766293024122273e-01
  -5.7766293024122273e-01
  -5.7766293024122273e-01
  -5.7766293024122273e-01
  -5.7766293024122273e-01
  -5.7766293024122273e-01
  -5.7766293024122273e-01
  -5.7766293024122273e-01
  -5.7766293024122273e-01
  -5.7766293024122273e-01
  -5.7766293024122273e-01
  -5.7766293024122273e-01
  -5.7766293024122273e-01
  -5.7766293024122273e-01
  -5.7766293024122273e-01
  -5.7766293024122273e-01
  -5.7766293024122273e-01
  -5.7766293024122273e-01
  -5.7766293024122273e-01
  -5.7766293024122273e-01
  -5.7766293024122273e-01
  -5.7766293024122273e-01
  -4.7300273144571497e-01
  -4.7300273144571497e-01
  -4.7300273144571497e-01
  -4.7300273144571497e-01
  -4.7300273144571497e-01
  -4.7300273144571497e-01
  -4.7300273144571497e-01
  -4.7300273144571497e-01
  -4.7300273144571497e-01
  -4.7300273144571497e-01
  -4.7300273144571497e-01
  -4.7300273144571497e-01
  -4.7300273144571497e-01
  -4.7300273144571497e-01
  -4.7300273144571497e-01
  -4.7300273144571497e-01
  -4.7300273144571497e-01
  -4.7300273144571497e-01
  -4.7300273144571497e-01
  -4.7300273144571497e-01
  -4.7300273144571497e-01
  -4.7300273144571497e-01
  -4.7300273144571497e-01
  -4.7300273144571497e-01
  -4.7300273144571497e-01
  -4.7300273144571497e-01
  -4.7300273144571497e-01
  -4.7300273144571497e-01
  -4.7300273144571497e-01
  -4.7300273144571497e-01
  -4.7300273144571497e-01
  -4.7300273144571497e-01
  -4.7300273144571497e-01
  -4.7300273144571497e-01
  -4.7300273144571497e-01
  -4.7300273144571497e-01
  -4.7300273144571497e-01
  -4.7300273144571497e-01
  -4.7300273144571497e-01
  -4.7300273144571497e-01
  -4.7300273144571497e-01
  -4.7300273144571497e-01
  -4.7300273144571497e-01
  -4.7300273144571497e-01
  -4.7300273144571497e-01
  -4.7300273144571497e-01
  -4.7300273144571497e-01
  -4.7300273144571497e-01
  -3.6117230580938781e-01
  -3.6117230580938781e-01
  -3.6117230580938781e-01
  -3.6117230580938781e-01
  -3.6117230580938781e-01
  -3.6117230580938781e-01
  -3.6117230580938781e-01
  -3.6117230580938781e-01
  -3.6117230580938781e-01
  -3.6117230580938781e-01
  -3.6117230580938781e-01
  -3.6117230580938781e-01
  -3.6117230580938781e-01
  -3.6117230580938781e-01
  -3.6117230580938781e-01
  -3.6117230580938781e-01
  -3.6117230580938781e-01
  -3.6117230580938781e-01
  -3.6117230580938781e-01
  -3.6117230580938781e-01
  -3.6117230580938781e-01
  -3.6117230580938781e-01
  -3.6117230580938781e-01
  -3.6117230580938781e-01
  -3.6117230580938781e-01
  -3.6117230580938781e-01
  -3.6117230580938781e-01
  -3.6117230580938781e-01
  -3.6117230580938781e-01
  -3.6117230580938781e-01
  -3.6117230580938781e-01
  -3.6117230580938781e-01
  -3.6117230580938781e-01
  -3.6117230580938781e-01
  -3.6117230580938781e-01
  -3.6117230580938781e-01
  -3.6117230580938781e-01
  -3.6117230580938781e-01
  -3.6117230580938781e-01
  -3.6117230580938781e-01
  -3.6117230580938781e-01
  -3.6117230580938781e-01
  -3.6117230580938781e-01
  -3.6117230580938781e-01
  -3.6117230580938781e-01
  -3.6117230580938781e-01
  -3.6117230580938781e-01
  -3.6117230580938781e-01
  -2.4386688372098886e-01
  -2.4386688372098886e-01
  -2.4386688372098886e-01
  -2.4386688372098886e-01
  -2.4386688372098886e-01
  -2.4386688372098886e-01
  -2.4386688372098886e-01
  -2.4386688372098886e-01
  -2.4386688372098886e-01
  -2.4386688372098886e-01
  -2.4386688372098886e-01
  -2.4386688372098886e-01
  -2.4386688372098886e-01
  -2.4386688372098886e-01
  -2.4386688372098886e-01
  -2.4386688372098886e-01
  -2.4386688372098886e-01
  -2.4386688372098886e-01
  -2.4386688372098886e-01
  -2.4386688372098886e-01
  -2.4386688372098886e-01
  -2.4386688372098886e-01
  -2.4386688372098886e-01
  -2.4386688372098886e-01
  -2.4386688372098886e-01
  -2.4386688372098886e-01
  -2.4386688372098886e-01
  -2.4386688372098886e-01
  -2.4386688372098886e-01
  -2.4386688372098886e-01
  -2.4386688372098886e-01
  -2.4386688372098886e-01
  -2.4386688372098886e-01
  -2.4386688372098886e-01
  -2.4386688372098886e-01
  -2.4386688372098886e-01
  -2.4386688372098886e-01
  -2.4386688372098886e-01
  -2.4386688372098886e-01
  -2.4386688372098886e-01
  -2.4386688372098886e-01
  -2.4386688372098886e-01
  -2.4386688372098886e-01
  -2.4386688372098886e-01
  -2.4386688372098886e-01
  -2.4386688372098886e-01
  -2.4386688372098886e-01
  -2.4386688372098886e-01
  -1.2286469261071083e-01
  -1.2286469261071083e-01
  -1.2286469261071083e-01
  -1.2286469261071083e-01
  -1.2286469261071083e-01
  -1.2286469261071083e-01
  -1.2286469261071083e-01
  -1.2286469261071083e-01
  -1.2286469261071083e-01
  -1.2286469261071083e-01
  -1.2286469261071083e-01
  -1.2286469261071083e-01
  -1.2286469261071083e-01
  -1.2286469261071083e-01
  -1.2286469261071083e-01
  -1.2286469261071083e-01
  -1.2286469261071083e-01
  -1.2286469261071083e-01
  -1.2286469261071083e-01
  -1.2286469261071083e-01
  -1.2286469261071083e-01
  -1.2286469261071083e-01
  -1.2286469261071083e-01
  -1.2286469261071083e-01
  -1.2286469261071083e-01
  -1.2286469261071083e-01
  -1.2286469261071083e-01
  -1.2286469261071083e-01
  -1.2286469261071083e-01
  -1.2286469261071083e-01
  -1.2286469261071083e-01
  -1.2286469261071083e-01
  -1.2286469261071083e-01
  -1.2286469261071083e-01
  -1.2286469261071083e-01
  -1.2286469261071083e-01
  -1.2286469261071083e-01
  -1.2286469261071083e-01
  -1.2286469261071083e-01
  -1.2286469261071083e-01
  -1.2286469261071083e-01
  -1.2286469261071083e-01
  -1.2286469261071083e-01
  -1.2286469261071083e-01
  -1.2286469261071083e-01
  -1.2286469261071083e-01
  -1.2286469261071083e-01
  -1.2286469261071083e-01
  -6.0490147481772625e-16
  -6.0490147481772625e-16
  -6.0490147481772625e-16
  -6.0490147481772625e-16
  -6.0490147481772625e-16
  -6.0490147481772625e-16
  -6.0490147481772625e-16
  -6.0490147481772625e-16
  -6.0490147481772625e-16
  -6.0490147481772625e-16
  -6.0490147481772625e-16
  -6.0490147481772625e-16
  -6.0490147481772625e-16
  -6.0490147481772625e-16
  -6.0490147481772625e-16
  -6.0490147481772625e-16
  -6.0490147481772625e-16
  -6.0490147481772625e-16
  -6.0490147481772625e-16
  -6.0490147481772625e-16
  -6.0490147481772625e-16
  -6.0490147481772625e-16
  -6.0490147481772625e-16
  -6.0490147481772625e-16
  -6.0490147481772625e-16
  -6.0490147481772625e-16
  -6.0490147481772625e-16
  -6.0490147481772625e-16
  -6.0490147481772625e-16
  -6.0490147481772625e-16
  -6.0490147481772625e-16
  -6.0490147481772625e-16
  -6.0490147481772625e-16
  -6.0490147481772625e-16
  -6.0490147481772625e-16
  -6.0490147481772625e-16
  -6.0490147481772625e-16
  -6.0490147481772625e-16
  -6.0490147481772625e-16
  -6.0490147481772625e-16
  -6.0490147481772625e-16
  -6.0490147481772625e-16
  -6.0490147481772625e-16
  -6.0490147481772625e-16
  -6.0490147481772625e-16
  -6.0490147481772625e-16
  -6.0490147481772625e-16
  -6.0490147481772625e-16
   1.2286469261070984e-01
   1.2286469261070984e-01
   1.2286469261070984e-01
   1.2286469261070984e-01
   1.2286469261070984e-01
   1.2286469261070984e-01
   1.2286469261070984e-01
   1.2286469261070984e-01
   1.2286469261070984e-01
   1.2286469261070984e-01
   1.2286469261070984e-01
   1.2286469261070984e-01
   1.2286469261070984e-01
   1.2286469261070984e-01
   1.2286469261070984e-01
   1.2286469261070984e-01
   1.2286469261070984e-01
   1.2286469261070984e-01
   1.2286469261070984e-01
   1.2286469261070984e-01
   1.2286469261070984e-01
   1.2286469261070984e-01
   1.2286469261070984e-01
   1.2286469261070984e-01
   1.2286469261070984e-01
   1.2286469261070984e-01
   1.2286469261070984e-01
   1.2286469261070984e-01
   1.2286469261070984e-01
   1.2286469261070984e-01
   1.2286469261070984e-01
   1.2286469261070984e-01
   1.2286469261070984e-01
   1.2286469261070984e-01
   1.2286469261070984e-01
   1.2286469261070984e-01
   1.2286469261070984e-01
   1.2286469261070984e-01
   1.2286469261070984e-01
   1.2286469261070984e-01
   1.2286469261070984e-01
   1.2286469261070984e-01
   1.2286469261070984e-01
   1.2286469261070984e-01
   1.2286469261070984e-01
   1.2286469261070984e-01
   1.2286469261070984e-01
   1.2286469261070984e-01
   2.4386688372098853e-01
   2.4386688372098853e-01
   2.4386688372098853e-01
   2.4386688372098853e-01
   2.4386688372098853e-01
   2.4386688372098853e-01
   2.4386688372098853e-01
   2.4386688372098853e-01
   2.4386688372098853e-01
   2.4386688372098853e-01
   2.4386688372098853e-01
   2.4386688372098853e-01
   2.4386688372098853e-01
   2.4386688372098853e-01
   2.4386688372098853e-01
   2.4386688372098853e-01
   2.4386688372098853e-01
   2.4386688372098853e-01
   2.4386688372098853e-01
   2.4386688372098853e-01
   2.4386688372098853e-01
   2.4386688372098853e-01
   2.4386688372098853e-01
   2.4386688372098853e-01
   2.4386688372098853e-01
   2.4386688372098853e-01
   2.4386688372098853e-01
   2.4386688372098853e-01
   2.4386688372098853e-01
   2.4386688372098853e-01
   2.4386688372098853e-01
   2.4386688372098853e-01
   2.4386688372098853e-01
   2.4386688372098853e-01
   2.4386688372098853e-01
   2.4386688372098853e-01
   2.4386688372098853e-01
   2.4386688372098853e-01
   2.4386688372098853e-01
   2.4386688372098853e-01
   2.4386688372098853e-01
   2.4386688372098853e-01
   2.4386688372098853e-01
   2.4386688372098853e-01
   2.4386688372098853e-01
   2.4386688372098853e-01
   2.4386688372098853e-01
   2.4386688372098853e-01
   3.6117230580938792e-01
   3.6117230580938792e-01
   3.6117230580938792e-01
   3.6117230580938792e-01
   3.6117230580938792e-01
   3.6117230580938792e-01
   3.6117230580938792e-01
   3.6117230580938792e-01
   3.6117230580938792e-01
   3.6117230580938792e-01
   3.6117230580938792e-01
   3.6117230580938792e-01
   3.6117230580938792e-01
   3.6117230580938792e-01
   3.6117230580938792e-01
   3.6117230580938792e-01
   3.6117230580938792e-01
   3.6117230580938792e-01
   3.6117230580938792e-01
   3.6117230580938792e-01
   3.6117230580938792e-01
   3.6117230580938792e-01
   3.6117230580938792e-01
   3.6117230580938792e-01
   3.6117230580938792e-01
   3.6117230580938792e-01
   3.6117230580938792e-01
   3.6117230580938792e-01
   3.6117230580938792e-01
   3.6117230580938792e-01
   3.6117230580938792e-01
   3.6117230580938792e-01
   3.6117230580938792e-01
   3.6117230580938792e-01
   3.6117230580938792e-01
   3.6117230580938792e-01
   3.6117230580938792e-01
   3.6117230580938792e-01
   3.6117230580938792e-01
   3.6117230580938792e-01
   3.6117230580938792e-01
   3.6117230580938792e-01
   3.6117230580938792e-01
   3.6117230580938792e-01
   3.6117230580938792e-01
   3.6117230580938792e-01
   3.6117230580938792e-01
   3.6117230580938792e-01
   4.7300273144571470e-01
   4.7300273144571470e-01
   4.7300273144571470e-01
   4.7300273144571470e-01
   4.7300273144571470e-01
   4.7300273144571470e-01
   4.7300273144571470e-01
   4.7300273144571470e-01
   4.7300273144571470e-01
   4.7300273144571470e-01
   4.7300273144571470e-01
   4.7300273144571470e-01
   4.7300273144571470e-01
   4.7300273144571470e-01
   4.7300273144571470e-01
   4.7300273144571470e-01
   4.7300273144571470e-01
   4.7300273144571470e-01
   4.7300273144571470e-01
   4.7300273144571470e-01
   4.7300273144571470e-01
   4.7300273144571470e-01
   4.7300273144571470e-01
   4.7300273144571470e-01
   4.7300273144571470e-01
   4.7300273144571470e-01
   4.7300273144571470e-01
   4.7300273144571470e-01
   4.7300273144571470e-01
   4.7300273144571470e-01
   4.7300273144571470e-01
   4.7300273144571470e-01
   4.7300273144571470e-01
   4.7300273144571470e-01
   4.7300273144571470e-01
   4.7300273144571470e-01
   4.7300273144571470e-01
   4.7300273144571470e-01
   4.7300273144571470e-01
   4.7300273144571470e-01
   4.7300273144571470e-01
   4.7300273144571470e-01
   4.7300273144571470e-01
   4.7300273144571470e-01
   4.7300273144571470e-01
   4.7300273144571470e-01
   4.7300273144571470e-01
   4.7300273144571470e-01
   5.7766293024122295e-01
   5.7766293024122295e-01
   5.7766293024122295e-01
   5.7766293024122295e-01
   5.7766293024122295e-01
   5.7766293024122295e-01
   5.7766293024122295e-01
   5.7766293024122295e-01
   5.7766293024122295e-01
   5.7766293024122295e-01
   5.7766293024122295e-01
   5.7766293024122295e-01
   5.7766293024122295e-01
   5.7766293024122295e-01
   5.7766293024122295e-01
   5.7766293024122295e-01
   5.7766293024122295e-01
   5.7766293024122295e-01
   5.7766293024122295e-01
   5.7766293024122295e-01
   5.7766293024122295e-01
   5.7766293024122295e-01
   5.7766293024122295e-01
   5.7766293024122295e-01
   5.7766293024122295e-01
   5.7766293024122295e-01
   5.7766293024122295e-01
   5.7766293024122295e-01
   5.7766293024122295e-01
   5.7766293024122295e-01
   5.7766293024122295e-01
   5.7766293024122295e-01
   5.7766293024122295e-01
   5.7766293024122295e-01
   5.7766293024122295e-01
   5.7766293024122295e-01
   5.7766293024122295e-01
   5.7766293024122295e-01
   5.7766293024122295e-01
   5.7766293024122295e-01
   5.7766293024122295e-01
   5.7766293024122295e-01
   5.7766293024122295e-01
   5.7766293024122295e-01
   5.7766293024122295e-01
   5.7766293024122295e-01
   5.7766293024122295e-01
   5.7766293024122295e-01
   6.7356636847346851e-01
   6.7356636847346851e-01
   6.7356636847346851e-01
   6.7356636847346851e-01
   6.7356636847346851e-01
   6.7356636847346851e-01
   6.7356636847346851e-01
   6.7356636847346851e-01
   6.7356636847346851e-01
   6.7356636847346851e-01
   6.7356636847346851e-01
   6.7356636847346851e-01
   6.7356636847346851e-01
   6.7356636847346851e-01
   6.7356636847346851e-01
   6.7356636847346851e-01
   6.7356636847346851e-01
   6.7356636847346851e-01
   6.7356636847346851e-01
   6.7356636847346851e-01
   6.7356636847346851e-01
   6.7356636847346851e-01
   6.7356636847346851e-01
   6.7356636847346851e-01
   6.7356636847346851e-01
   6.7356636847346851e-01
   6.7356636847346851e-01
   6.7356636847346851e-01
   6.7356636847346851e-01
   6.7356636847346851e-01
   6.7356636847346851e-01
   6.7356636847346851e-01
   6.7356636847346851e-01
   6.7356636847346851e-01
   6.7356636847346851e-01
   6.7356636847346851e-01
   6.7356636847346851e-01
   6.7356636847346851e-01
   6.7356636847346851e-01
   6.7356636847346851e-01
   6.7356636847346851e-01
   6.7356636847346851e-01
   6.7356636847346851e-01
   6.7356636847346851e-01
   6.7356636847346851e-01
   6.7356636847346851e-01
   6.7356636847346851e-01
   6.7356636847346851e-01
   7.5925926303735758e-01
   7.5925926303735758e-01
   7.5925926303735758e-01
   7.5925926303735758e-01
   7.5925926303735758e-01
   7.5925926303735758e-01
   7.5925926303735758e-01
   7.5925926303735758e-01
   7.5925926303735758e-01
   7.5925926303735758e-01
   7.5925926303735758e-01
   7.5925926303735758e-01
   7.5925926303735758e-01
   7.5925926303735758e-01
   7.5925926303735758e-01
   7.5925926303735758e-01
   7.5925926303735758e-01
   7.5925926303735758e-01
   7.5925926303735758e-01
   7.5925926303735758e-01
   7.5925926303735758e-01
   7.5925926303735758e-01
   7.5925926303735758e-01
   7.5925926303735758e-01
   7.5925926303735758e-01
   7.5925926303735758e-01
   7.5925926303735758e-01
   7.5925926303735758e-01
   7.5925926303735758e-01
   7.5925926303735758e-01
   7.5925926303735758e-01
   7.5925926303735758e-01
   7.5925926303735758e-01
   7.5925926303735758e-01
   7.5925926303735758e-01
   7.5925926303735758e-01
   7.5925926303735758e-01
   7.5925926303735758e-01
   7.5925926303735758e-01
   7.5925926303735758e-01
   7.5925926303735758e-01
   7.5925926303735758e-01
   7.5925926303735758e-01
   7.5925926303735758e-01
   7.5925926303735758e-01
   7.5925926303735758e-01
   7.5925926303735758e-01
   7.5925926303735758e-01
   8.3344262876083430e-01
   8.3344262876083430e-01
   8.3344262876083430e-01
   8.3344262876083430e-01
   8.3344262876083430e-01
   8.3344262876083430e-01
   8.3344262876083430e-01
   8.3344262876083430e-01
   8.3344262876083430e-01
   8.3344262876083430e-01
   8.3344262876083430e-01
   8.3344262876083430e-01
   8.3344262876083430e-01
   8.3344262876083430e-01
   8.3344262876083430e-01
   8.3344262876083430e-01
   8.3344262876083430e-01
   8.3344262876083430e-01
   8.3344262876083430e-01
   8.3344262876083430e-01
   8.3344262876083430e-01
   8.3344262876083430e-01
   8.3344262876083430e-01
   8.3344262876083430e-01
   8.3344262876083430e-01
   8.3344262876083430e-01
   8.3344262876083430e-01
   8.3344262876083430e-01
   8.3344262876083430e-01
   8.3344262876083430e-01
   8.3344262876083430e-01
   8.3344262876083430e-01
   8.3344262876083430e-01
   8.3344262876083430e-01
   8.3344262876083430e-01
   8.3344262876083430e-01
   8.3344262876083430e-01
   8.3344262876083430e-01
   8.3344262876083430e-01
   8.3344262876083430e-01
   8.3344262876083430e-01
   8.3344262876083430e-01
   8.3344262876083430e-01
   8.3344262876083430e-01
   8.3344262876083430e-01
   8.3344262876083430e-01
   8.3344262876083430e-01
   8.3344262876083430e-01
   8.9499199787827544e-01
   8.9499199787827544e-01
   8.9499199787827544e-01
   8.9499199787827544e-01
   8.9499199787827544e-01
   8.9499199787827544e-01
   8.9499199787827544e-01
   8.9499199787827544e-01
   8.9499199787827544e-01
   8.9499199787827544e-01
   8.9499199787827544e-01
   8.9499199787827544e-01
   8.9499199787827544e-01
   8.9499199787827544e-01
   8.9499199787827544e-01
   8.9499199787827544e-01
   8.9499199787827544e-01
   8.9499199787827544e-01
   8.9499199787827544e-01
   8.9499199787827544e-01
   8.9499199787827544e-01
   8.9499199787827544e-01
   8.9499199787827544e-01
   8.9499199787827544e-01
   8.9499199787827544e-01
   8.9499199787827544e-01
   8.9499199787827544e-01
   8.9499199787827544e-01
   8.9499199787827544e-01
   8.9499199787827544e-01
   8.9499199787827544e-01
   8.9499199787827544e-01
   8.9499199787827544e-01
   8.9499199787827544e-01
   8.9499199787827544e-01
   8.9499199787827544e-01
   8.9499199787827544e-01
   8.9499199787827544e-01
   8.9499199787827544e-01
   8.9499199787827544e-01
   8.9499199787827544e-01
   8.9499199787827544e-01
   8.9499199787827544e-01
   8.9499199787827544e-01
   8.9499199787827544e-01
   8.9499199787827544e-01
   8.9499199787827544e-01
   8.9499199787827544e-01
   9.4297457122897410e-01
   9.4297457122897410e-01
   9.4297457122897410e-01
   9.4297457122897410e-01
   9.4297457122897410e-01
   9.4297457122897410e-01
   9.4297457122897410e-01
   9.4297457122897410e-01
   9.4297457122897410e-01
   9.4297457122897410e-01
   9.4297457122897410e-01
   9.4297457122897410e-01
   9.4297457122897410e-01
   9.4297457122897410e-01
   9.4297457122897410e-01
   9.4297457122897410e-01
   9.4297457122897410e-01
   9.4297457122897410e-01
   9.4297457122897410e-01
   9.4297457122897410e-01
   9.4297457122897410e-01
   9.4297457122897410e-01
   9.4297457122897410e-01
   9.4297457122897410e-01
   9.4297457122897410e-01
   9.4297457122897410e-01
   9.4297457122897410e-01
   9.4297457122897410e-01
   9.4297457122897410e-01
   9.4297457122897410e-01
   9.4297457122897410e-01
   9.4297457122897410e-01
   9.4297457122897410e-01
   9.4297457122897410e-01
   9.4297457122897410e-01
   9.4297457122897410e-01
   9.4297457122897410e-01
   9.4297457122897410e-01
   9.4297457122897410e-01
   9.4297457122897410e-01
   9.4297457122897410e-01
   9.4297457122897410e-01
   9.4297457122897410e-01
   9.4297457122897410e-01
   9.4297457122897410e-01
   9.4297457122897410e-01
   9.4297457122897410e-01
   9.4297457122897410e-01
   9.7666392145951730e-01
   9.7666392145951730e-01
   9.7666392145951730e-01
   9.7666392145951730e-01
   9.7666392145951730e-01
   9.7666392145951730e-01
   9.7666392145951730e-01
   9.7666392145951730e-01
   9.7666392145951730e-01
   9.7666392145951730e-01
   9.7666392145951730e-01
   9.7666392145951730e-01
   9.7666392145951730e-01
   9.7666392145951730e-01
   9.7666392145951730e-01
   9.7666392145951730e-01
   9.7666392145951730e-01
   9.7666392145951730e-01
   9.7666392145951730e-01
   9.7666392145951730e-01
   9.7666392145951730e-01
   9.7666392145951730e-01
   9.7666392145951730e-01
   9.7666392145951730e-01
   9.7666392145951730e-01
   9.7666392145951730e-01
   9.7666392145951730e-01
   9.7666392145951730e-01
   9.7666392145951730e-01
   9.7666392145951730e-01
   9.7666392145951730e-01
   9.7666392145951730e-01
   9.7666392145951730e-01
   9.7666392145951730e-01
   9.7666392145951730e-01
   9.7666392145951730e-01
   9.7666392145951730e-01
   9.7666392145951730e-01
   9.7666392145951730e-01
   9.7666392145951730e-01
   9.7666392145951730e-01
   9.7666392145951730e-01
   9.7666392145951730e-01
   9.7666392145951730e-01
   9.7666392145951730e-01
   9.7666392145951730e-01
   9.7666392145951730e-01
   9.7666392145951730e-01
   9.9555696979049824e-01
   9.9555696979049824e-01
   9.9555696979049824e-01
   9.9555696979049824e-01
   9.9555696979049824e-01
   9.9555696979049824e-01
   9.9555696979049824e-01
   9.9555696979049824e-01
   9.9555696979049824e-01
   9.9555696979049824e-01
   9.9555696979049824e-01
   9.9555696979049824e-01
   9.9555696979049824e-01
   9.9555696979049824e-01
   9.9555696979049824e-01
   9.9555696979049824e-01
   9.9555696979049824e-01
   9.9555696979049824e-01
   9.9555696979049824e-01
   9.9555696979049824e-01
   9.9555696979049824e-01
   9.9555696979049824e-01
   9.9555696979049824e-01
   9.9555696979049824e-01
   9.9555696979049824e-01
   9.9555696979049824e-01
   9.9555696979049824e-01
   9.9555696979049824e-01
   9.9555696979049824e-01
   9.9555696979049824e-01
   9.9555696979049824e-01
   9.9555696979049824e-01
   9.9555696979049824e-01
   9.9555696979049824e-01
   9.9555696979049824e-01
   9.9555696979049824e-01
   9.9555696979049824e-01
   9.9555696979049824e-01
   9.9555696979049824e-01
   9.9555696979049824e-01
   9.9555696979049824e-01
   9.9555696979049824e-01
   9.9555696979049824e-01
   9.9555696979049824e-01
   9.9555696979049824e-01
   9.9555696979049824e-01
   9.9555696979049824e-01
   9.9555696979049824e-01
