   2.5033128177784020e-01
   2.5033128177784020e-01
   2.5033128177784020e-01
   2.5033128177784020e-01
   2.5033128177784020e-01
   2.5033128177784020e-01
   2.5033128177784020e-01
   2.5033128177784020e-01
   2.5033128177784020e-01
   2.5033128177784020e-01
   2.5033128177784020e-01
   2.5033128177784020e-01
   2.5033128177784020e-01
   2.5033128177784020e-01
   2.5033128177784020e-01
   2.5033128177784020e-01
   5.4868204598127635e-01
   5.4868204598127635e-01
   5.4868204598127635e-01
   5.4868204598127635e-01
   5.4868204598127635e-01
   5.4868204598127635e-01
   5.4868204598127635e-01
   5.4868204598127635e-01
   5.4868204598127635e-01
   5.4868204598127635e-01
   5.4868204598127635e-01
   5.4868204598127635e-01
   5.4868204598127635e-01
   5.4868204598127635e-01
   5.4868204598127635e-01
   5.4868204598127635e-01
   7.8979458439952910e-01
   7.8979458439952910e-01
   7.8979458439952910e-01
   7.8979458439952910e-01
   7.8979458439952910e-01
   7.8979458439952910e-01
   7.8979458439952910e-01
   7.8979458439952910e-01
   7.8979458439952910e-01
   7.8979458439952910e-01
   7.8979458439952910e-01
   7.8979458439952910e-01
   7.8979458439952910e-01
   7.8979458439952910e-01
   7.8979458439952910e-01
   7.8979458439952910e-01
   9.4597025186361450e-01
   9.4597025186361450e-01
   9.4597025186361450e-01
   9.4597025186361450e-01
   9.4597025186361450e-01
   9.4597025186361450e-01
   9.4597025186361450e-01
   9.4597025186361450e-01
   9.4597025186361450e-01
   9.4597025186361450e-01
   9.4597025186361450e-01
   9.4597025186361450e-01
   9.4597025186361450e-01
   9.4597025186361450e-01
   9.4597025186361450e-01
   9.4597025186361450e-01
   1.0000000000000000e+00
   1.0000000000000000e+00
   1.0000000000000000e+00
   1.0000000000000000e+00
   1.0000000000000000e+00
   1.0000000000000000e+00
   1.0000000000000000e+00
   1.0000000000000000e+00
   1.0000000000000000e+00
   1.0000000000000000e+00
   1.0000000000000000e+00
   1.0000000000000000e+00
   1.0000000000000000e+00
   1.0000000000000000e+00
   1.0000000000000000e+00
   1.0000000000000000e+00
   9.4597025186361450e-01
   9.4597025186361450e-01
   9.4597025186361450e-01
   9.4597025186361450e-01
   9.4597025186361450e-01
   9.4597025186361450e-01
   9.4597025186361450e-01
   9.4597025186361450e-01
   9.4597025186361450e-01
   9.4597025186361450e-01
   9.4597025186361450e-01
   9.4597025186361450e-01
   9.4597025186361450e-01
   9.4597025186361450e-01
   9.4597025186361450e-01
   9.4597025186361450e-01
   7.8979458439952910e-01
   7.8979458439952910e-01
   7.8979458439952910e-01
   7.8979458439952910e-01
   7.8979458439952910e-01
   7.8979458439952910e-01
   7.8979458439952910e-01
   7.8979458439952910e-01
   7.8979458439952910e-01
   7.8979458439952910e-01
   7.8979458439952910e-01
   7.8979458439952910e-01
   7.8979458439952910e-01
   7.8979458439952910e-01
   7.8979458439952910e-01
   7.8979458439952910e-01
   5.4868204598127668e-01
   5.4868204598127668e-01
   5.4868204598127668e-01
   5.4868204598127668e-01
   5.4868204598127668e-01
   5.4868204598127668e-01
   5.4868204598127668e-01
   5.4868204598127668e-01
   5.4868204598127668e-01
   5.4868204598127668e-01
   5.4868204598127668e-01
   5.4868204598127668e-01
   5.4868204598127668e-01
   5.4868204598127668e-01
   5.4868204598127668e-01
   5.4868204598127668e-01
   2.5033128177783998e-01
   2.5033128177783998e-01
   2.5033128177783998e-01
   2.5033128177783998e-01
   2.5033128177783998e-01
   2.5033128177783998e-01
   2.5033128177783998e-01
   2.5033128177783998e-01
   2.5033128177783998e-01
   2.5033128177783998e-01
   2.5033128177783998e-01
   2.5033128177783998e-01
   2.5033128177783998e-01
   2.5033128177783998e-01
   2.5033128177783998e-01
   2.5033128177783998e-01
