   1.3696798058530466e-01
   1.3696798058530466e-01
   1.3696798058530466e-01
   1.3696798058530466e-01
   1.3696798058530466e-01
   1.3696798058530466e-01
   1.3696798058530466e-01
   1.3696798058530466e-01
   1.3696798058530466e-01
   1.3696798058530466e-01
   1.3696798058530466e-01
   1.3696798058530466e-01
   1.3696798058530466e-01
   1.3696798058530466e-01
   1.3696798058530466e-01
   1.3696798058530466e-01
   1.3696798058530466e-01
   1.3696798058530466e-01
   1.3696798058530466e-01
   1.3696798058530466e-01
   1.3696798058530466e-01
   1.3696798058530466e-01
   1.3696798058530466e-01
   1.3696798058530466e-01
   1.3696798058530466e-01
   1.3696798058530466e-01
   1.3696798058530466e-01
   1.3696798058530466e-01
   1.3696798058530466e-01
   1.3696798058530466e-01
   1.3696798058530466e-01
   1.3696798058530466e-01
   3.1018712466780707e-01
   3.1018712466780707e-01
   3.1018712466780707e-01
   3.1018712466780707e-01
   3.1018712466780707e-01
   3.1018712466780707e-01
   3.1018712466780707e-01
   3.1018712466780707e-01
   3.1018712466780707e-01
   3.1018712466780707e-01
   3.1018712466780707e-01
   3.1018712466780707e-01
   3.1018712466780707e-01
   3.1018712466780707e-01
   3.1018712466780707e-01
   3.1018712466780707e-01
   3.1018712466780707e-01
   3.1018712466780707e-01
   3.1018712466780707e-01
   3.1018712466780707e-01
   3.1018712466780707e-01
   3.1018712466780707e-01
   3.1018712466780707e-01
   3.1018712466780707e-01
   3.1018712466780707e-01
   3.1018712466780707e-01
   3.1018712466780707e-01
   3.1018712466780707e-01
   3.1018712466780707e-01
   3.1018712466780707e-01
   3.1018712466780707e-01
   3.1018712466780707e-01
   4.7453032805712103e-01
   4.7453032805712103e-01
   4.7453032805712103e-01
   4.7453032805712103e-01
   4.7453032805712103e-01
   4.7453032805712103e-01
   4.7453032805712103e-01
   4.7453032805712103e-01
   4.7453032805712103e-01
   4.7453032805712103e-01
   4.7453032805712103e-01
   4.7453032805712103e-01
   4.7453032805712103e-01
   4.7453032805712103e-01
   4.7453032805712103e-01
   4.7453032805712103e-01
   4.7453032805712103e-01
   4.7453032805712103e-01
   4.7453032805712103e-01
   4.7453032805712103e-01
   4.7453032805712103e-01
   4.7453032805712103e-01
   4.7453032805712103e-01
   4.7453032805712103e-01
   4.7453032805712103e-01
   4.7453032805712103e-01
   4.7453032805712103e-01
   4.7453032805712103e-01
   4.7453032805712103e-01
   4.7453032805712103e-01
   4.7453032805712103e-01
   4.7453032805712103e-01
   6.2388769960080992e-01
   6.2388769960080992e-01
   6.2388769960080992e-01
   6.2388769960080992e-01
   6.2388769960080992e-01
   6.2388769960080992e-01
   6.2388769960080992e-01
   6.2388769960080992e-01
   6.2388769960080992e-01
   6.2388769960080992e-01
   6.2388769960080992e-01
   6.2388769960080992e-01
   6.2388769960080992e-01
   6.2388769960080992e-01
   6.2388769960080992e-01
   6.2388769960080992e-01
   6.2388769960080992e-01
   6.2388769960080992e-01
   6.2388769960080992e-01
   6.2388769960080992e-01
   6.2388769960080992e-01
   6.2388769960080992e-01
   6.2388769960080992e-01
   6.2388769960080992e-01
   6.2388769960080992e-01
   6.2388769960080992e-01
   6.2388769960080992e-01
   6.2388769960080992e-01
   6.2388769960080992e-01
   6.2388769960080992e-01
   6.2388769960080992e-01
   6.2388769960080992e-01
   7.5330514821987904e-01
   7.5330514821987904e-01
   7.5330514821987904e-01
   7.5330514821987904e-01
   7.5330514821987904e-01
   7.5330514821987904e-01
   7.5330514821987904e-01
   7.5330514821987904e-01
   7.5330514821987904e-01
   7.5330514821987904e-01
   7.5330514821987904e-01
   7.5330514821987904e-01
   7.5330514821987904e-01
   7.5330514821987904e-01
   7.5330514821987904e-01
   7.5330514821987904e-01
   7.5330514821987904e-01
   7.5330514821987904e-01
   7.5330514821987904e-01
   7.5330514821987904e-01
   7.5330514821987904e-01
   7.5330514821987904e-01
   7.5330514821987904e-01
   7.5330514821987904e-01
   7.5330514821987904e-01
   7.5330514821987904e-01
   7.5330514821987904e-01
   7.5330514821987904e-01
   7.5330514821987904e-01
   7.5330514821987904e-01
   7.5330514821987904e-01
   7.5330514821987904e-01
   8.5857347570372766e-01
   8.5857347570372766e-01
   8.5857347570372766e-01
   8.5857347570372766e-01
   8.5857347570372766e-01
   8.5857347570372766e-01
   8.5857347570372766e-01
   8.5857347570372766e-01
   8.5857347570372766e-01
   8.5857347570372766e-01
   8.5857347570372766e-01
   8.5857347570372766e-01
   8.5857347570372766e-01
   8.5857347570372766e-01
   8.5857347570372766e-01
   8.5857347570372766e-01
   8.5857347570372766e-01
   8.5857347570372766e-01
   8.5857347570372766e-01
   8.5857347570372766e-01
   8.5857347570372766e-01
   8.5857347570372766e-01
   8.5857347570372766e-01
   8.5857347570372766e-01
   8.5857347570372766e-01
   8.5857347570372766e-01
   8.5857347570372766e-01
   8.5857347570372766e-01
   8.5857347570372766e-01
   8.5857347570372766e-01
   8.5857347570372766e-01
   8.5857347570372766e-01
   9.3628854972229592e-01
   9.3628854972229592e-01
   9.3628854972229592e-01
   9.3628854972229592e-01
   9.3628854972229592e-01
   9.3628854972229592e-01
   9.3628854972229592e-01
   9.3628854972229592e-01
   9.3628854972229592e-01
   9.3628854972229592e-01
   9.3628854972229592e-01
   9.3628854972229592e-01
   9.3628854972229592e-01
   9.3628854972229592e-01
   9.3628854972229592e-01
   9.3628854972229592e-01
   9.3628854972229592e-01
   9.3628854972229592e-01
   9.3628854972229592e-01
   9.3628854972229592e-01
   9.3628854972229592e-01
   9.3628854972229592e-01
   9.3628854972229592e-01
   9.3628854972229592e-01
   9.3628854972229592e-01
   9.3628854972229592e-01
   9.3628854972229592e-01
   9.3628854972229592e-01
   9.3628854972229592e-01
   9.3628854972229592e-01
   9.3628854972229592e-01
   9.3628854972229592e-01
   9.8394278134236912e-01
   9.8394278134236912e-01
   9.8394278134236912e-01
   9.8394278134236912e-01
   9.8394278134236912e-01
   9.8394278134236912e-01
   9.8394278134236912e-01
   9.8394278134236912e-01
   9.8394278134236912e-01
   9.8394278134236912e-01
   9.8394278134236912e-01
   9.8394278134236912e-01
   9.8394278134236912e-01
   9.8394278134236912e-01
   9.8394278134236912e-01
   9.8394278134236912e-01
   9.8394278134236912e-01
   9.8394278134236912e-01
   9.8394278134236912e-01
   9.8394278134236912e-01
   9.8394278134236912e-01
   9.8394278134236912e-01
   9.8394278134236912e-01
   9.8394278134236912e-01
   9.8394278134236912e-01
   9.8394278134236912e-01
   9.8394278134236912e-01
   9.8394278134236912e-01
   9.8394278134236912e-01
   9.8394278134236912e-01
   9.8394278134236912e-01
   9.8394278134236912e-01
   1.0000000000000000e+00
   1.0000000000000000e+00
   1.0000000000000000e+00
   1.0000000000000000e+00
   1.0000000000000000e+00
   1.0000000000000000e+00
   1.0000000000000000e+00
   1.0000000000000000e+00
   1.0000000000000000e+00
   1.0000000000000000e+00
   1.0000000000000000e+00
   1.0000000000000000e+00
   1.0000000000000000e+00
   1.0000000000000000e+00
   1.0000000000000000e+00
   1.0000000000000000e+00
   1.0000000000000000e+00
   1.0000000000000000e+00
   1.0000000000000000e+00
   1.0000000000000000e+00
   1.0000000000000000e+00
   1.0000000000000000e+00
   1.0000000000000000e+00
   1.0000000000000000e+00
   1.0000000000000000e+00
   1.0000000000000000e+00
   1.0000000000000000e+00
   1.0000000000000000e+00
   1.0000000000000000e+00
   1.0000000000000000e+00
   1.0000000000000000e+00
   1.0000000000000000e+00
   9.8394278134236912e-01
   9.8394278134236912e-01
   9.8394278134236912e-01
   9.8394278134236912e-01
   9.8394278134236912e-01
   9.8394278134236912e-01
   9.8394278134236912e-01
   9.8394278134236912e-01
   9.8394278134236912e-01
   9.8394278134236912e-01
   9.8394278134236912e-01
   9.8394278134236912e-01
   9.8394278134236912e-01
   9.8394278134236912e-01
   9.8394278134236912e-01
   9.8394278134236912e-01
   9.8394278134236912e-01
   9.8394278134236912e-01
   9.8394278134236912e-01
   9.8394278134236912e-01
   9.8394278134236912e-01
   9.8394278134236912e-01
   9.8394278134236912e-01
   9.8394278134236912e-01
   9.8394278134236912e-01
   9.8394278134236912e-01
   9.8394278134236912e-01
   9.8394278134236912e-01
   9.8394278134236912e-01
   9.8394278134236912e-01
   9.8394278134236912e-01
   9.8394278134236912e-01
   9.3628854972229592e-01
   9.3628854972229592e-01
   9.3628854972229592e-01
   9.3628854972229592e-01
   9.3628854972229592e-01
   9.3628854972229592e-01
   9.3628854972229592e-01
   9.3628854972229592e-01
   9.3628854972229592e-01
   9.3628854972229592e-01
   9.3628854972229592e-01
   9.3628854972229592e-01
   9.3628854972229592e-01
   9.3628854972229592e-01
   9.3628854972229592e-01
   9.3628854972229592e-01
   9.3628854972229592e-01
   9.3628854972229592e-01
   9.3628854972229592e-01
   9.3628854972229592e-01
   9.3628854972229592e-01
   9.3628854972229592e-01
   9.3628854972229592e-01
   9.3628854972229592e-01
   9.3628854972229592e-01
   9.3628854972229592e-01
   9.3628854972229592e-01
   9.3628854972229592e-01
   9.3628854972229592e-01
   9.3628854972229592e-01
   9.3628854972229592e-01
   9.3628854972229592e-01
   8.5857347570372766e-01
   8.5857347570372766e-01
   8.5857347570372766e-01
   8.5857347570372766e-01
   8.5857347570372766e-01
   8.5857347570372766e-01
   8.5857347570372766e-01
   8.5857347570372766e-01
   8.5857347570372766e-01
   8.5857347570372766e-01
   8.5857347570372766e-01
   8.5857347570372766e-01
   8.5857347570372766e-01
   8.5857347570372766e-01
   8.5857347570372766e-01
   8.5857347570372766e-01
   8.5857347570372766e-01
   8.5857347570372766e-01
   8.5857347570372766e-01
   8.5857347570372766e-01
   8.5857347570372766e-01
   8.5857347570372766e-01
   8.5857347570372766e-01
   8.5857347570372766e-01
   8.5857347570372766e-01
   8.5857347570372766e-01
   8.5857347570372766e-01
   8.5857347570372766e-01
   8.5857347570372766e-01
   8.5857347570372766e-01
   8.5857347570372766e-01
   8.5857347570372766e-01
   7.5330514821987904e-01
   7.5330514821987904e-01
   7.5330514821987904e-01
   7.5330514821987904e-01
   7.5330514821987904e-01
   7.5330514821987904e-01
   7.5330514821987904e-01
   7.5330514821987904e-01
   7.5330514821987904e-01
   7.5330514821987904e-01
   7.5330514821987904e-01
   7.5330514821987904e-01
   7.5330514821987904e-01
   7.5330514821987904e-01
   7.5330514821987904e-01
   7.5330514821987904e-01
   7.5330514821987904e-01
   7.5330514821987904e-01
   7.5330514821987904e-01
   7.5330514821987904e-01
   7.5330514821987904e-01
   7.5330514821987904e-01
   7.5330514821987904e-01
   7.5330514821987904e-01
   7.5330514821987904e-01
   7.5330514821987904e-01
   7.5330514821987904e-01
   7.5330514821987904e-01
   7.5330514821987904e-01
   7.5330514821987904e-01
   7.5330514821987904e-01
   7.5330514821987904e-01
   6.2388769960080948e-01
   6.2388769960080948e-01
   6.2388769960080948e-01
   6.2388769960080948e-01
   6.2388769960080948e-01
   6.2388769960080948e-01
   6.2388769960080948e-01
   6.2388769960080948e-01
   6.2388769960080948e-01
   6.2388769960080948e-01
   6.2388769960080948e-01
   6.2388769960080948e-01
   6.2388769960080948e-01
   6.2388769960080948e-01
   6.2388769960080948e-01
   6.2388769960080948e-01
   6.2388769960080948e-01
   6.2388769960080948e-01
   6.2388769960080948e-01
   6.2388769960080948e-01
   6.2388769960080948e-01
   6.2388769960080948e-01
   6.2388769960080948e-01
   6.2388769960080948e-01
   6.2388769960080948e-01
   6.2388769960080948e-01
   6.2388769960080948e-01
   6.2388769960080948e-01
   6.2388769960080948e-01
   6.2388769960080948e-01
   6.2388769960080948e-01
   6.2388769960080948e-01
   4.7453032805712142e-01
   4.7453032805712142e-01
   4.7453032805712142e-01
   4.7453032805712142e-01
   4.7453032805712142e-01
   4.7453032805712142e-01
   4.7453032805712142e-01
   4.7453032805712142e-01
   4.7453032805712142e-01
   4.7453032805712142e-01
   4.7453032805712142e-01
   4.7453032805712142e-01
   4.7453032805712142e-01
   4.7453032805712142e-01
   4.7453032805712142e-01
   4.7453032805712142e-01
   4.7453032805712142e-01
   4.7453032805712142e-01
   4.7453032805712142e-01
   4.7453032805712142e-01
   4.7453032805712142e-01
   4.7453032805712142e-01
   4.7453032805712142e-01
   4.7453032805712142e-01
   4.7453032805712142e-01
   4.7453032805712142e-01
   4.7453032805712142e-01
   4.7453032805712142e-01
   4.7453032805712142e-01
   4.7453032805712142e-01
   4.7453032805712142e-01
   4.7453032805712142e-01
   3.1018712466780579e-01
   3.1018712466780579e-01
   3.1018712466780579e-01
   3.1018712466780579e-01
   3.1018712466780579e-01
   3.1018712466780579e-01
   3.1018712466780579e-01
   3.1018712466780579e-01
   3.1018712466780579e-01
   3.1018712466780579e-01
   3.1018712466780579e-01
   3.1018712466780579e-01
   3.1018712466780579e-01
   3.1018712466780579e-01
   3.1018712466780579e-01
   3.1018712466780579e-01
   3.1018712466780579e-01
   3.1018712466780579e-01
   3.1018712466780579e-01
   3.1018712466780579e-01
   3.1018712466780579e-01
   3.1018712466780579e-01
   3.1018712466780579e-01
   3.1018712466780579e-01
   3.1018712466780579e-01
   3.1018712466780579e-01
   3.1018712466780579e-01
   3.1018712466780579e-01
   3.1018712466780579e-01
   3.1018712466780579e-01
   3.1018712466780579e-01
   3.1018712466780579e-01
   1.3696798058530285e-01
   1.3696798058530285e-01
   1.3696798058530285e-01
   1.3696798058530285e-01
   1.3696798058530285e-01
   1.3696798058530285e-01
   1.3696798058530285e-01
   1.3696798058530285e-01
   1.3696798058530285e-01
   1.3696798058530285e-01
   1.3696798058530285e-01
   1.3696798058530285e-01
   1.3696798058530285e-01
   1.3696798058530285e-01
   1.3696798058530285e-01
   1.3696798058530285e-01
   1.3696798058530285e-01
   1.3696798058530285e-01
   1.3696798058530285e-01
   1.3696798058530285e-01
   1.3696798058530285e-01
   1.3696798058530285e-01
   1.3696798058530285e-01
   1.3696798058530285e-01
   1.3696798058530285e-01
   1.3696798058530285e-01
   1.3696798058530285e-01
   1.3696798058530285e-01
   1.3696798058530285e-01
   1.3696798058530285e-01
   1.3696798058530285e-01
   1.3696798058530285e-01
