   1.7715449417045170e-01
   1.7715449417045170e-01
   1.7715449417045170e-01
   1.7715449417045170e-01
   1.7715449417045170e-01
   1.7715449417045170e-01
   1.7715449417045170e-01
   1.7715449417045170e-01
   1.7715449417045170e-01
   1.7715449417045170e-01
   1.7715449417045170e-01
   1.7715449417045170e-01
   1.7715449417045170e-01
   1.7715449417045170e-01
   1.7715449417045170e-01
   1.7715449417045170e-01
   1.7715449417045170e-01
   1.7715449417045170e-01
   1.7715449417045170e-01
   1.7715449417045170e-01
   1.7715449417045170e-01
   1.7715449417045170e-01
   1.7715449417045170e-01
   1.7715449417045170e-01
   3.9750871404716226e-01
   3.9750871404716226e-01
   3.9750871404716226e-01
   3.9750871404716226e-01
   3.9750871404716226e-01
   3.9750871404716226e-01
   3.9750871404716226e-01
   3.9750871404716226e-01
   3.9750871404716226e-01
   3.9750871404716226e-01
   3.9750871404716226e-01
   3.9750871404716226e-01
   3.9750871404716226e-01
   3.9750871404716226e-01
   3.9750871404716226e-01
   3.9750871404716226e-01
   3.9750871404716226e-01
   3.9750871404716226e-01
   3.9750871404716226e-01
   3.9750871404716226e-01
   3.9750871404716226e-01
   3.9750871404716226e-01
   3.9750871404716226e-01
   3.9750871404716226e-01
   5.9789009396070558e-01
   5.9789009396070558e-01
   5.9789009396070558e-01
   5.9789009396070558e-01
   5.9789009396070558e-01
   5.9789009396070558e-01
   5.9789009396070558e-01
   5.9789009396070558e-01
   5.9789009396070558e-01
   5.9789009396070558e-01
   5.9789009396070558e-01
   5.9789009396070558e-01
   5.9789009396070558e-01
   5.9789009396070558e-01
   5.9789009396070558e-01
   5.9789009396070558e-01
   5.9789009396070558e-01
   5.9789009396070558e-01
   5.9789009396070558e-01
   5.9789009396070558e-01
   5.9789009396070558e-01
   5.9789009396070558e-01
   5.9789009396070558e-01
   5.9789009396070558e-01
   7.6641198197872562e-01
   7.6641198197872562e-01
   7.6641198197872562e-01
   7.6641198197872562e-01
   7.6641198197872562e-01
   7.6641198197872562e-01
   7.6641198197872562e-01
   7.6641198197872562e-01
   7.6641198197872562e-01
   7.6641198197872562e-01
   7.6641198197872562e-01
   7.6641198197872562e-01
   7.6641198197872562e-01
   7.6641198197872562e-01
   7.6641198197872562e-01
   7.6641198197872562e-01
   7.6641198197872562e-01
   7.6641198197872562e-01
   7.6641198197872562e-01
   7.6641198197872562e-01
   7.6641198197872562e-01
   7.6641198197872562e-01
   7.6641198197872562e-01
   7.6641198197872562e-01
   8.9378646905609394e-01
   8.9378646905609394e-01
   8.9378646905609394e-01
   8.9378646905609394e-01
   8.9378646905609394e-01
   8.9378646905609394e-01
   8.9378646905609394e-01
   8.9378646905609394e-01
   8.9378646905609394e-01
   8.9378646905609394e-01
   8.9378646905609394e-01
   8.9378646905609394e-01
   8.9378646905609394e-01
   8.9378646905609394e-01
   8.9378646905609394e-01
   8.9378646905609394e-01
   8.9378646905609394e-01
   8.9378646905609394e-01
   8.9378646905609394e-01
   8.9378646905609394e-01
   8.9378646905609394e-01
   8.9378646905609394e-01
   8.9378646905609394e-01
   8.9378646905609394e-01
   9.7308219827881115e-01
   9.7308219827881115e-01
   9.7308219827881115e-01
   9.7308219827881115e-01
   9.7308219827881115e-01
   9.7308219827881115e-01
   9.7308219827881115e-01
   9.7308219827881115e-01
   9.7308219827881115e-01
   9.7308219827881115e-01
   9.7308219827881115e-01
   9.7308219827881115e-01
   9.7308219827881115e-01
   9.7308219827881115e-01
   9.7308219827881115e-01
   9.7308219827881115e-01
   9.7308219827881115e-01
   9.7308219827881115e-01
   9.7308219827881115e-01
   9.7308219827881115e-01
   9.7308219827881115e-01
   9.7308219827881115e-01
   9.7308219827881115e-01
   9.7308219827881115e-01
   1.0000000000000000e+00
   1.0000000000000000e+00
   1.0000000000000000e+00
   1.0000000000000000e+00
   1.0000000000000000e+00
   1.0000000000000000e+00
   1.0000000000000000e+00
   1.0000000000000000e+00
   1.0000000000000000e+00
   1.0000000000000000e+00
   1.0000000000000000e+00
   1.0000000000000000e+00
   1.0000000000000000e+00
   1.0000000000000000e+00
   1.0000000000000000e+00
   1.0000000000000000e+00
   1.0000000000000000e+00
   1.0000000000000000e+00
   1.0000000000000000e+00
   1.0000000000000000e+00
   1.0000000000000000e+00
   1.0000000000000000e+00
   1.0000000000000000e+00
   1.0000000000000000e+00
   9.7308219827881104e-01
   9.7308219827881104e-01
   9.7308219827881104e-01
   9.7308219827881104e-01
   9.7308219827881104e-01
   9.7308219827881104e-01
   9.7308219827881104e-01
   9.7308219827881104e-01
   9.7308219827881104e-01
   9.7308219827881104e-01
   9.7308219827881104e-01
   9.7308219827881104e-01
   9.7308219827881104e-01
   9.7308219827881104e-01
   9.7308219827881104e-01
   9.7308219827881104e-01
   9.7308219827881104e-01
   9.7308219827881104e-01
   9.7308219827881104e-01
   9.7308219827881104e-01
   9.7308219827881104e-01
   9.7308219827881104e-01
   9.7308219827881104e-01
   9.7308219827881104e-01
   8.9378646905609371e-01
   8.9378646905609371e-01
   8.9378646905609371e-01
   8.9378646905609371e-01
   8.9378646905609371e-01
   8.9378646905609371e-01
   8.9378646905609371e-01
   8.9378646905609371e-01
   8.9378646905609371e-01
   8.9378646905609371e-01
   8.9378646905609371e-01
   8.9378646905609371e-01
   8.9378646905609371e-01
   8.9378646905609371e-01
   8.9378646905609371e-01
   8.9378646905609371e-01
   8.9378646905609371e-01
   8.9378646905609371e-01
   8.9378646905609371e-01
   8.9378646905609371e-01
   8.9378646905609371e-01
   8.9378646905609371e-01
   8.9378646905609371e-01
   8.9378646905609371e-01
   7.6641198197872584e-01
   7.6641198197872584e-01
   7.6641198197872584e-01
   7.6641198197872584e-01
   7.6641198197872584e-01
   7.6641198197872584e-01
   7.6641198197872584e-01
   7.6641198197872584e-01
   7.6641198197872584e-01
   7.6641198197872584e-01
   7.6641198197872584e-01
   7.6641198197872584e-01
   7.6641198197872584e-01
   7.6641198197872584e-01
   7.6641198197872584e-01
   7.6641198197872584e-01
   7.6641198197872584e-01
   7.6641198197872584e-01
   7.6641198197872584e-01
   7.6641198197872584e-01
   7.6641198197872584e-01
   7.6641198197872584e-01
   7.6641198197872584e-01
   7.6641198197872584e-01
   5.9789009396070603e-01
   5.9789009396070603e-01
   5.9789009396070603e-01
   5.9789009396070603e-01
   5.9789009396070603e-01
   5.9789009396070603e-01
   5.9789009396070603e-01
   5.9789009396070603e-01
   5.9789009396070603e-01
   5.9789009396070603e-01
   5.9789009396070603e-01
   5.9789009396070603e-01
   5.9789009396070603e-01
   5.9789009396070603e-01
   5.9789009396070603e-01
   5.9789009396070603e-01
   5.9789009396070603e-01
   5.9789009396070603e-01
   5.9789009396070603e-01
   5.9789009396070603e-01
   5.9789009396070603e-01
   5.9789009396070603e-01
   5.9789009396070603e-01
   5.9789009396070603e-01
   3.9750871404716226e-01
   3.9750871404716226e-01
   3.9750871404716226e-01
   3.9750871404716226e-01
   3.9750871404716226e-01
   3.9750871404716226e-01
   3.9750871404716226e-01
   3.9750871404716226e-01
   3.9750871404716226e-01
   3.9750871404716226e-01
   3.9750871404716226e-01
   3.9750871404716226e-01
   3.9750871404716226e-01
   3.9750871404716226e-01
   3.9750871404716226e-01
   3.9750871404716226e-01
   3.9750871404716226e-01
   3.9750871404716226e-01
   3.9750871404716226e-01
   3.9750871404716226e-01
   3.9750871404716226e-01
   3.9750871404716226e-01
   3.9750871404716226e-01
   3.9750871404716226e-01
   1.7715449417045218e-01
   1.7715449417045218e-01
   1.7715449417045218e-01
   1.7715449417045218e-01
   1.7715449417045218e-01
   1.7715449417045218e-01
   1.7715449417045218e-01
   1.7715449417045218e-01
   1.7715449417045218e-01
   1.7715449417045218e-01
   1.7715449417045218e-01
   1.7715449417045218e-01
   1.7715449417045218e-01
   1.7715449417045218e-01
   1.7715449417045218e-01
   1.7715449417045218e-01
   1.7715449417045218e-01
   1.7715449417045218e-01
   1.7715449417045218e-01
   1.7715449417045218e-01
   1.7715449417045218e-01
   1.7715449417045218e-01
   1.7715449417045218e-01
   1.7715449417045218e-01
